0,0
1,1
2,2
2,94
2,119
2,160
2,247
2,254
2,386
2,390
2,414
2,429
2,443
2,475
2,540
2,586
2,633
2,694
2,781
2,784
2,801
2,875
2,894
2,936
2,1067
2,1085
2,1127
2,1207
3,3
4,4
5,5
6,6
7,7
8,8
9,9
10,10
11,11
11,635
12,12
12,1277
13,13
14,14
15,186
15,256
15,713
15,967
15,1084
15,1172
15,1180
15,1275
15,1471
15,1719
15,1865
16,16
17,17
18,18
19,19
20,20
21,21
22,22
23,23
24,24
25,25
26,26
27,27
28,1
28,3
28,4
28,6
28,10
28,16
28,17
28,19
28,20
28,22
28,25
28,26
28,27
28,31
28,32
28,34
28,41
28,46
28,48
28,50
28,52
28,60
28,61
28,62
28,63
28,68
28,69
28,70
28,72
28,75
28,77
28,88
28,90
28,94
28,98
28,99
28,107
28,109
28,110
28,122
28,123
28,134
28,136
28,144
28,145
28,150
28,159
28,175
28,178
28,181
28,183
28,189
28,193
28,194
28,199
28,204
28,209
28,210
28,215
28,216
28,227
28,228
28,229
28,231
28,240
28,241
28,244
28,245
28,252
28,255
28,264
28,273
28,278
28,280
28,282
28,285
28,289
28,298
28,304
28,307
28,308
28,309
28,311
28,321
28,325
28,326
28,333
28,334
28,335
28,341
28,345
28,349
28,355
28,361
28,364
28,365
28,368
28,370
28,373
28,380
28,382
28,384
28,385
28,390
28,394
28,396
28,406
28,413
28,416
28,417
28,424
28,431
28,434
28,435
28,436
28,443
28,444
28,456
28,459
28,470
28,474
28,475
28,479
28,491
28,494
28,496
28,497
28,506
28,507
28,508
28,511
28,512
28,513
28,515
28,517
28,519
28,520
28,524
28,531
28,534
28,535
28,537
28,542
28,546
28,550
28,553
28,566
28,572
28,575
28,580
28,589
28,593
28,595
28,596
28,598
28,601
28,602
28,617
28,619
28,623
28,627
28,633
28,640
28,642
28,643
28,667
28,668
28,672
28,677
28,682
28,685
28,686
28,690
28,691
28,692
28,712
28,718
28,719
28,728
28,729
28,738
28,741
28,747
28,751
28,756
28,758
28,766
28,771
28,782
28,789
28,791
28,794
28,795
28,797
28,798
28,801
28,803
28,804
28,806
28,807
28,809
28,813
28,821
28,824
28,825
28,828
28,832
28,835
28,836
28,839
28,841
28,842
28,845
28,849
28,852
28,854
28,856
28,858
28,867
28,868
28,870
28,871
28,872
28,873
28,875
28,877
28,881
28,884
28,885
28,891
28,912
28,913
28,920
28,921
28,922
28,934
28,935
28,936
28,942
28,945
28,950
28,955
28,956
28,958
28,960
28,962
28,963
28,964
28,968
28,969
28,973
28,979
28,981
28,984
28,988
28,990
28,992
28,995
28,997
28,1007
28,1008
28,1009
28,1012
28,1014
28,1017
28,1018
28,1021
28,1023
28,1026
28,1032
28,1033
28,1034
28,1036
28,1042
28,1045
28,1061
28,1068
28,1070
28,1071
28,1072
28,1073
28,1074
28,1075
28,1078
28,1083
28,1090
28,1100
28,1101
28,1102
28,1108
28,1110
28,1112
28,1118
28,1120
28,1121
28,1122
28,1125
28,1129
28,1130
28,1133
28,1134
28,1135
28,1143
28,1146
28,1147
28,1149
28,1155
28,1157
28,1159
28,1160
28,1167
28,1169
28,1181
28,1186
28,1190
28,1196
28,1198
28,1199
28,1207
28,1211
28,1223
28,1227
28,1231
28,1236
28,1241
28,1244
28,1249
28,1254
28,1256
28,1259
28,1268
28,1271
28,1280
28,1284
28,1598
29,29
29,1062
30,30
31,31
32,32
32,1176
33,33
34,34
35,35
36,36
37,37
37,139
37,211
37,746
37,1659
37,1735
37,1761
37,1930
38,38
39,39
39,51
39,337
40,40
41,41
42,42
43,43
44,44
44,87
44,1161
45,45
46,46
47,47
47,763
48,48
49,49
50,50
51,39
51,51
52,52
53,53
54,54
55,55
55,127
56,56
57,57
58,58
59,59
59,196
60,60
61,61
62,62
63,63
64,64
65,65
66,66
67,67
67,71
68,68
69,69
70,70
71,67
71,71
71,681
72,72
73,73
74,74
75,75
76,76
76,159
76,698
76,714
76,862
76,912
76,913
76,1035
76,1064
76,1083
76,1574
77,77
78,78
79,79
79,1158
80,80
81,81
82,82
83,83
84,84
85,85
85,680
86,86
86,551
87,87
88,88
89,89
90,90
91,91
92,92
92,571
92,786
93,93
94,94
95,95
96,96
96,214
96,377
97,678
97,1131
97,1263
97,1286
97,1299
97,1304
97,1314
97,1315
97,1318
97,1324
97,1326
97,1337
97,1348
97,1357
97,1366
97,1372
97,1377
97,1380
97,1426
97,1446
97,1451
97,1457
97,1459
97,1463
97,1473
97,1490
97,1495
97,1502
97,1529
97,1533
97,1536
97,1542
97,1561
97,1564
97,1565
97,1569
97,1573
97,1587
97,1589
97,1591
97,1611
97,1621
97,1634
97,1657
97,1658
97,1707
97,1711
97,1736
97,1777
97,1779
97,1791
97,1810
97,1825
97,1828
97,1871
97,1910
97,1923
97,1954
97,1967
98,98
99,99
100,108
100,158
100,260
100,262
100,294
100,442
100,499
100,505
100,626
100,726
100,762
100,896
100,965
100,1210
100,1285
100,1414
100,1582
101,101
101,338
102,102
102,497
102,730
102,839
103,103
104,104
105,105
106,106
107,107
108,108
109,109
110,110
111,111
112,112
113,113
114,114
114,1290
114,1291
114,1316
114,1331
114,1333
114,1349
114,1355
114,1362
114,1370
114,1389
114,1392
114,1394
114,1397
114,1399
114,1403
114,1425
114,1431
114,1437
114,1439
114,1440
114,1444
114,1453
114,1467
114,1477
114,1481
114,1483
114,1484
114,1488
114,1492
114,1494
114,1522
114,1530
114,1537
114,1541
114,1548
114,1550
114,1554
114,1563
114,1572
114,1575
114,1584
114,1593
114,1596
114,1610
114,1614
114,1615
114,1618
114,1620
114,1622
114,1629
114,1635
114,1753
114,1781
114,1840
115,115
116,116
117,117
118,118
119,119
120,120
121,121
122,122
123,123
124,124
125,125
126,96
126,126
126,1022
127,127
128,128
128,161
129,79
129,129
129,644
129,749
129,1905
130,130
131,1219
131,1350
132,132
133,65
133,72
133,118
133,123
133,149
133,152
133,171
133,191
133,203
133,205
133,216
133,221
133,231
133,242
133,273
133,330
133,508
133,560
133,561
133,613
133,625
133,648
133,696
133,718
133,776
133,788
133,792
133,806
133,837
133,846
133,878
133,881
133,884
133,911
133,919
133,922
133,944
133,955
133,980
133,1019
133,1026
133,1028
133,1030
133,1036
133,1055
133,1086
133,1090
133,1106
133,1112
133,1113
133,1125
133,1199
133,1235
133,1281
134,134
135,135
136,136
137,137
138,138
138,489
139,6
139,20
139,27
139,31
139,40
139,48
139,50
139,62
139,68
139,111
139,122
139,134
139,135
139,163
139,171
139,173
139,191
139,205
139,242
139,243
139,248
139,249
139,250
139,271
139,278
139,283
139,295
139,302
139,311
139,316
139,329
139,331
139,332
139,333
139,345
139,365
139,373
139,381
139,405
139,426
139,444
139,451
139,453
139,483
139,486
139,518
139,522
139,526
139,527
139,531
139,535
139,544
139,546
139,550
139,554
139,560
139,561
139,565
139,580
139,615
139,642
139,649
139,661
139,684
139,685
139,742
139,769
139,775
139,778
139,779
139,785
139,795
139,802
139,807
139,827
139,832
139,840
139,915
139,919
139,920
139,924
139,952
139,953
139,960
139,961
139,966
139,979
139,980
139,990
139,997
139,1006
139,1007
139,1014
139,1015
139,1055
139,1068
139,1074
139,1089
139,1100
139,1102
139,1116
139,1119
139,1121
139,1126
139,1140
139,1142
139,1143
139,1149
139,1153
139,1155
139,1160
139,1169
139,1170
139,1175
139,1179
139,1184
139,1212
139,1216
139,1241
139,1249
139,1281
139,1598
140,140
141,141
142,142
143,142
143,143
143,493
143,638
143,1001
143,1053
144,144
145,145
146,146
147,147
148,148
149,149
150,150
151,151
151,641
152,152
153,153
153,959
154,154
155,155
156,156
157,157
158,158
159,159
160,160
161,128
161,161
162,162
163,163
164,164
165,44
165,165
165,464
165,604
166,166
166,503
167,167
168,168
169,169
170,170
171,171
172,172
173,173
174,174
175,175
176,224
176,732
177,177
178,178
179,179
179,299
179,652
179,849
179,874
179,1045
179,1047
179,1189
179,1233
180,180
181,181
182,182
183,183
184,184
185,185
186,186
187,187
187,347
188,188
189,189
190,190
191,191
192,192
193,193
194,194
195,195
196,59
196,196
197,197
198,198
199,199
200,200
201,201
202,202
203,203
204,204
205,205
206,206
207,207
208,208
209,209
210,210
211,5
211,8
211,21
211,24
211,30
211,42
211,43
211,53
211,56
211,61
211,66
211,73
211,74
211,89
211,95
211,99
211,115
211,127
211,140
211,141
211,144
211,148
211,167
211,169
211,172
211,173
211,177
211,182
211,193
211,199
211,200
211,220
211,223
211,227
211,235
211,237
211,238
211,245
211,248
211,252
211,253
211,258
211,259
211,261
211,268
211,269
211,276
211,280
211,291
211,293
211,302
211,304
211,325
211,327
211,331
211,337
211,355
211,366
211,370
211,381
211,385
211,389
211,392
211,394
211,418
211,423
211,425
211,429
211,434
211,439
211,440
211,445
211,448
211,456
211,466
211,467
211,474
211,481
211,483
211,498
211,504
211,507
211,510
211,518
211,520
211,521
211,524
211,527
211,545
211,552
211,554
211,559
211,562
211,569
211,575
211,582
211,584
211,592
211,593
211,598
211,608
211,610
211,619
211,621
211,622
211,623
211,627
211,632
211,637
211,649
211,659
211,667
211,670
211,671
211,673
211,676
211,695
211,702
211,707
211,711
211,721
211,727
211,728
211,730
211,745
211,757
211,765
211,768
211,769
211,774
211,776
211,778
211,791
211,804
211,808
211,809
211,810
211,811
211,818
211,820
211,823
211,825
211,826
211,827
211,830
211,834
211,836
211,841
211,847
211,848
211,850
211,855
211,863
211,870
211,874
211,878
211,882
211,885
211,886
211,890
211,894
211,898
211,899
211,901
211,918
211,923
211,925
211,931
211,937
211,941
211,946
211,957
211,962
211,969
211,973
211,987
211,998
211,1005
211,1006
211,1010
211,1011
211,1012
211,1015
211,1017
211,1021
211,1024
211,1032
211,1041
211,1042
211,1052
211,1056
211,1057
211,1060
211,1061
211,1065
211,1071
211,1088
211,1108
211,1110
211,1113
211,1117
211,1120
211,1126
211,1129
211,1130
211,1132
211,1134
211,1138
211,1150
211,1153
211,1166
211,1170
211,1171
211,1178
211,1188
211,1189
211,1204
211,1212
211,1214
211,1222
211,1230
211,1231
211,1240
211,1243
211,1245
211,1252
211,1255
211,1257
211,1267
211,1280
211,1284
212,212
213,213
214,214
215,215
216,216
217,217
218,218
219,12
219,219
220,220
221,221
222,222
223,223
224,224
225,225
225,1526
225,1721
226,226
226,1092
226,1217
227,227
228,228
229,229
230,230
231,231
232,232
232,654
232,910
232,1278
233,233
234,234
235,235
236,236
237,237
238,238
239,239
240,240
241,241
242,242
243,243
244,244
245,245
246,246
247,247
248,248
249,249
250,250
251,251
252,252
253,253
254,254
255,255
256,256
257,257
258,258
259,259
260,260
261,261
262,262
263,263
264,264
265,265
266,266
267,267
267,312
267,777
267,1194
267,1227
268,268
269,269
270,270
270,427
271,271
272,272
273,273
274,274
275,275
276,276
277,277
278,278
279,279
279,816
279,1046
280,280
281,281
282,282
283,283
284,284
285,285
285,1238
286,286
287,93
287,124
287,251
287,281
287,400
287,420
287,442
287,452
287,563
287,723
287,903
287,994
287,1145
287,1203
287,1288
287,1343
287,1388
287,1567
288,288
288,376
288,606
288,699
289,289
290,290
291,291
292,292
293,293
294,294
295,295
296,296
297,297
297,1273
298,298
299,299
300,1287
300,1297
300,1302
300,1307
300,1308
300,1313
300,1321
300,1336
300,1346
300,1360
300,1363
300,1364
300,1365
300,1369
300,1374
300,1386
300,1405
300,1413
300,1416
300,1423
300,1428
300,1434
300,1438
300,1447
300,1452
300,1461
300,1462
300,1468
300,1475
300,1478
300,1498
300,1501
300,1506
300,1525
300,1531
300,1560
300,1570
300,1576
300,1581
300,1602
300,1604
300,1616
300,1638
300,1664
300,1685
300,1714
300,1775
300,1803
300,1824
300,1827
300,1839
300,1863
300,1870
300,1881
300,1919
300,1929
300,1942
300,1950
300,1955
300,1956
301,15
301,290
301,301
301,363
301,447
301,1746
302,302
303,303
304,304
305,305
305,789
305,996
306,306
307,307
308,308
309,309
310,310
310,583
310,978
311,311
312,267
312,312
312,1226
313,313
314,314
315,315
316,316
317,317
318,318
319,319
320,320
321,321
322,322
323,323
324,324
325,325
326,326
327,327
328,328
329,329
330,330
331,331
332,332
333,333
334,334
335,335
336,336
337,39
337,337
338,101
338,202
338,322
338,338
338,1059
338,1107
339,422
339,716
339,761
339,933
339,982
339,1037
339,1203
339,1270
339,1292
339,1347
339,1361
339,1456
339,1510
339,1538
339,1647
339,1648
339,1665
339,1694
339,1822
339,1848
339,1859
339,1879
339,1916
339,1938
339,1973
340,340
340,543
341,341
342,116
342,188
342,246
342,432
342,457
342,485
342,528
342,542
342,658
342,687
342,859
342,930
342,1105
342,1182
342,1246
343,343
344,344
345,345
346,89
346,346
346,1092
346,1258
347,57
347,187
347,347
347,502
347,683
347,1019
348,131
348,348
348,1218
349,349
350,350
351,351
352,352
353,353
354,354
355,355
356,356
356,467
356,763
356,1094
357,357
358,358
359,359
360,360
361,361
362,362
363,363
364,364
365,365
366,366
367,367
367,610
368,368
369,131
369,369
369,914
369,1029
369,1066
369,1131
370,370
371,371
372,372
372,1274
373,373
374,374
375,375
376,376
377,377
378,378
379,379
379,1154
380,380
381,381
382,382
383,257
383,383
383,879
383,1209
384,384
385,385
386,386
387,387
387,1223
388,388
389,389
390,390
391,391
392,392
393,393
394,394
395,395
396,396
397,397
398,398
399,399
400,400
400,755
401,401
402,402
403,403
404,404
405,405
406,406
407,407
407,612
407,1513
408,408
409,409
410,410
411,411
412,412
413,413
414,414
415,415
416,416
417,417
418,418
419,419
420,420
421,369
421,421
421,833
422,422
423,423
424,424
425,425
426,426
427,270
427,427
428,428
429,429
430,430
431,431
432,432
433,433
433,1422
433,1693
434,434
435,435
436,436
437,437
437,1152
438,97
438,438
438,1383
438,1427
438,1471
438,1499
438,1517
438,1557
438,1599
438,1617
438,1627
438,1701
439,439
440,440
441,113
441,190
441,212
441,639
441,689
441,1756
441,1811
442,442
443,443
444,444
445,445
446,446
447,447
448,448
449,11
449,13
449,63
449,75
449,128
449,146
449,201
449,272
449,284
449,298
449,320
449,378
449,388
449,401
449,451
449,514
449,587
449,597
449,599
449,602
449,708
449,737
449,739
449,772
449,785
449,901
449,902
449,906
449,907
449,949
449,975
449,1000
449,1002
449,1103
449,1137
449,1156
449,1173
449,1183
449,1247
450,450
451,451
452,452
453,453
454,454
455,455
456,456
457,313
457,489
457,630
458,458
459,459
460,460
462,462
463,463
464,464
465,465
465,1562
466,466
467,356
467,467
468,468
469,469
470,470
471,471
471,1289
471,1303
471,1317
471,1354
471,1359
471,1371
471,1378
471,1382
471,1383
471,1387
471,1390
471,1393
471,1402
471,1407
471,1409
471,1436
471,1464
471,1466
471,1476
471,1493
471,1511
471,1543
471,1562
471,1578
471,1588
471,1601
471,1603
471,1613
471,1636
471,1654
471,1662
471,1739
471,1758
471,1830
472,132
472,181
472,206
472,291
472,307
472,322
472,360
472,403
472,412
472,427
472,440
472,509
472,529
472,530
472,564
472,578
472,582
472,637
472,668
472,677
472,678
472,704
472,745
472,747
472,748
472,760
472,784
472,829
472,876
472,892
472,898
472,1024
472,1050
472,1060
472,1095
472,1139
472,1144
472,1148
472,1178
472,1205
472,1246
472,1255
472,1283
473,176
473,461
473,473
474,474
475,475
476,476
476,482
477,477
478,73
478,93
478,197
478,207
478,208
478,324
478,350
478,371
478,523
478,662
478,1063
478,1295
478,1300
478,1319
478,1322
478,1328
478,1335
478,1381
478,1384
478,1396
478,1419
478,1449
478,1458
478,1472
478,1496
478,1512
478,1523
478,1528
478,1546
478,1555
478,1579
478,1580
478,1609
478,1640
478,1641
478,1642
478,1649
478,1651
478,1652
478,1653
478,1655
478,1663
478,1666
478,1670
478,1674
478,1677
478,1679
478,1680
478,1683
478,1686
478,1688
478,1691
478,1692
478,1697
478,1699
478,1704
478,1715
478,1718
478,1723
478,1727
478,1728
478,1732
478,1737
478,1738
478,1740
478,1744
478,1754
478,1760
478,1762
478,1764
478,1766
478,1769
478,1778
478,1784
478,1785
478,1789
478,1790
478,1792
478,1793
478,1794
478,1795
478,1798
478,1804
478,1807
478,1808
478,1809
478,1813
478,1814
478,1815
478,1816
478,1817
478,1821
478,1823
478,1826
478,1829
478,1831
478,1835
478,1837
478,1843
478,1845
478,1852
478,1853
478,1858
478,1860
478,1861
478,1866
478,1868
478,1873
478,1875
478,1877
478,1884
478,1889
478,1890
478,1896
478,1897
478,1902
478,1903
478,1908
478,1911
478,1913
478,1914
478,1915
478,1928
478,1934
478,1940
478,1941
478,1945
478,1952
478,1961
479,479
480,480
480,1454
480,1693
481,481
482,476
482,482
483,483
484,484
485,485
486,486
487,130
487,154
487,163
487,189
487,221
487,240
487,249
487,253
487,258
487,380
487,446
487,495
487,496
487,504
487,515
487,534
487,538
487,540
487,552
487,591
487,634
487,706
487,740
487,748
487,772
487,815
487,817
487,837
487,848
487,877
487,889
487,907
487,908
487,951
487,972
487,976
487,1127
487,1156
487,1177
487,1179
487,1186
487,1268
488,18
488,287
488,352
488,478
488,488
488,767
488,1215
488,1408
489,138
489,489
490,490
491,491
492,78
492,197
492,410
492,433
492,465
492,536
492,651
492,800
492,896
492,1145
492,1293
492,1296
492,1301
492,1311
492,1323
492,1460
492,1474
492,1491
492,1505
492,1605
492,1630
492,1650
492,1672
492,1698
492,1716
492,1774
492,1862
492,1867
492,1880
493,143
493,493
493,1151
494,494
495,495
496,496
497,102
497,497
498,498
499,499
499,1633
500,500
501,13
501,156
501,157
501,201
501,357
501,359
501,364
501,399
501,501
501,558
501,589
501,708
501,729
501,765
501,939
501,964
501,1043
501,1049
501,1148
501,1183
501,1190
502,502
503,503
504,504
505,505
506,506
507,507
508,508
509,509
510,510
511,511
512,512
513,513
513,1194
514,514
515,515
516,516
517,517
518,518
519,519
520,520
521,521
522,522
523,523
524,524
525,525
526,526
527,527
528,528
529,529
530,530
531,531
532,532
532,1298
532,1379
532,1410
532,1489
532,1527
532,1540
532,1626
532,1632
533,533
534,534
535,535
536,536
536,1418
537,537
538,538
539,9
539,21
539,43
539,217
539,450
539,539
539,1099
539,1248
539,1279
540,540
541,541
541,1077
542,542
543,5
543,543
543,1921
544,544
545,545
546,546
547,547
548,548
549,549
550,550
551,86
551,388
551,506
551,551
551,974
552,552
553,553
554,554
555,555
556,556
557,557
558,558
559,559
560,560
561,561
562,562
563,563
564,564
565,565
566,566
567,567
567,1271
568,568
568,1027
569,569
570,570
571,92
571,323
571,571
571,715
572,572
573,573
573,588
573,897
573,1054
573,1200
574,574
574,675
575,575
576,55
576,310
576,576
576,1208
577,577
578,578
579,579
580,580
581,581
581,628
582,582
583,83
583,91
583,147
583,277
583,294
583,317
583,318
583,398
583,402
583,420
583,476
583,482
583,490
583,500
583,533
583,555
583,579
583,600
583,609
583,653
583,710
583,736
583,760
583,783
583,793
583,802
583,876
583,899
583,900
583,903
583,966
583,985
583,1041
583,1079
583,1081
584,584
585,1325
585,1329
585,1334
585,1344
585,1401
585,1420
585,1441
585,1443
585,1486
585,1509
585,1516
585,1559
585,1631
585,1637
585,1639
585,1643
585,1646
585,1656
585,1660
585,1667
585,1673
585,1676
585,1678
585,1682
585,1687
585,1700
585,1703
585,1708
585,1709
585,1710
585,1712
585,1724
585,1729
585,1730
585,1731
585,1734
585,1743
585,1745
585,1747
585,1750
585,1755
585,1767
585,1768
585,1770
585,1782
585,1786
585,1787
585,1799
585,1800
585,1801
585,1805
585,1818
585,1832
585,1836
585,1838
585,1841
585,1842
585,1844
585,1850
585,1851
585,1855
585,1857
585,1869
585,1876
585,1878
585,1885
585,1886
585,1891
585,1893
585,1894
585,1895
585,1900
585,1906
585,1917
585,1918
585,1924
585,1926
585,1927
585,1931
585,1933
585,1935
585,1937
585,1943
585,1944
585,1946
585,1947
585,1951
585,1959
585,1965
586,586
587,587
588,36
588,275
588,362
588,446
588,449
588,459
588,573
588,581
588,588
588,1013
588,1196
589,589
590,590
591,591
592,592
593,593
594,594
594,928
595,595
596,596
597,597
598,598
599,599
600,600
601,601
602,602
603,47
603,168
603,203
603,468
603,522
603,603
603,682
603,696
603,703
603,764
603,844
603,1069
603,1162
603,1235
603,1265
603,1269
604,1515
605,339
605,605
606,288
606,472
606,606
606,1669
607,607
608,608
609,609
610,367
610,610
611,611
612,138
612,185
612,218
612,251
612,422
612,530
612,657
612,709
612,783
612,796
612,800
612,1352
612,1424
612,1503
612,1524
613,613
614,614
614,904
615,615
616,616
617,617
618,618
618,640
619,619
620,620
621,621
622,622
623,623
624,624
625,625
626,626
627,627
628,470
628,581
628,628
629,629
629,1733
629,1892
630,36
630,104
630,116
630,146
630,292
630,359
630,378
630,404
630,432
630,458
630,528
630,618
630,635
630,658
630,660
630,674
630,687
630,725
630,859
630,939
630,974
630,1103
630,1137
631,631
632,632
633,633
634,634
635,11
635,635
636,636
637,637
638,638
639,639
640,618
640,640
641,641
642,642
643,643
644,644
645,645
646,646
647,647
648,648
649,649
650,650
650,1076
651,651
652,652
653,653
653,752
654,69
654,80
654,115
654,136
654,170
654,210
654,269
654,275
654,315
654,334
654,336
654,362
654,401
654,409
654,454
654,514
654,631
654,694
654,715
654,786
654,811
654,817
654,882
654,934
654,951
654,954
654,977
654,981
654,984
654,992
654,1048
654,1146
654,1163
654,1168
654,1239
654,1254
654,1266
654,1276
655,655
656,88
656,272
656,469
656,656
656,926
656,1276
657,657
658,658
659,659
660,660
661,661
662,662
663,663
663,970
663,1957
664,664
665,665
666,666
667,667
668,668
669,669
670,670
671,671
672,672
673,673
674,674
675,574
675,675
676,676
677,677
678,678
679,679
680,85
680,680
681,71
681,681
682,682
683,683
684,684
685,685
686,686
687,687
689,689
690,690
691,691
692,692
693,296
693,693
693,821
693,1115
693,1124
693,1163
693,1206
693,1239
694,694
695,695
696,696
697,133
697,219
697,697
697,790
697,1080
698,698
699,3
699,8
699,9
699,19
699,22
699,23
699,33
699,45
699,60
699,85
699,111
699,120
699,125
699,150
699,160
699,162
699,164
699,167
699,183
699,192
699,200
699,241
699,244
699,247
699,250
699,255
699,261
699,274
699,286
699,292
699,313
699,314
699,316
699,329
699,351
699,353
699,358
699,368
699,371
699,374
699,382
699,387
699,389
699,392
699,397
699,412
699,416
699,428
699,435
699,436
699,477
699,485
699,486
699,509
699,517
699,523
699,553
699,578
699,586
699,592
699,596
699,607
699,615
699,624
699,626
699,634
699,638
699,646
699,647
699,661
699,665
699,669
699,672
699,674
699,705
699,714
699,734
699,741
699,751
699,766
699,770
699,779
699,812
699,823
699,826
699,840
699,856
699,857
699,869
699,871
699,889
699,893
699,927
699,938
699,945
699,950
699,963
699,975
699,986
699,999
699,1008
699,1018
699,1040
699,1044
699,1056
699,1058
699,1085
699,1089
699,1095
699,1096
699,1116
699,1123
699,1140
699,1142
699,1184
699,1191
699,1197
699,1202
699,1205
699,1210
699,1236
699,1259
699,1260
700,700
701,701
702,702
703,703
704,704
705,705
706,706
707,707
708,708
709,709
710,710
711,711
712,712
713,713
714,714
715,715
716,716
717,112
717,121
717,717
717,731
717,753
718,718
719,719
720,720
721,721
722,722
723,723
723,1480
724,100
724,492
724,724
724,773
725,725
726,726
726,1310
726,1625
726,1773
726,1872
727,727
728,728
729,729
730,730
731,717
731,731
732,174
732,222
732,655
732,689
732,700
732,709
732,796
732,994
732,1187
732,1592
732,1612
732,1619
733,733
734,734
735,735
736,736
737,737
738,738
739,739
740,740
741,741
742,742
743,743
743,857
743,1819
744,744
745,745
746,7
746,38
746,54
746,58
746,82
746,84
746,117
746,180
746,195
746,213
746,215
746,220
746,233
746,236
746,239
746,254
746,265
746,266
746,274
746,277
746,295
746,309
746,317
746,324
746,328
746,358
746,374
746,391
746,395
746,402
746,408
746,411
746,415
746,419
746,453
746,455
746,460
746,462
746,463
746,484
746,490
746,526
746,548
746,555
746,566
746,570
746,600
746,607
746,611
746,616
746,625
746,636
746,647
746,648
746,701
746,720
746,722
746,723
746,733
746,734
746,737
746,752
746,799
746,814
746,819
746,831
746,838
746,850
746,851
746,864
746,865
746,879
746,914
746,916
746,917
746,924
746,932
746,940
746,947
746,948
746,971
746,977
746,1005
746,1037
746,1038
746,1051
746,1093
746,1111
746,1115
746,1128
746,1185
746,1202
746,1221
746,1225
746,1229
746,1232
746,1242
746,1251
746,1253
746,1261
746,1264
747,747
748,748
749,129
749,749
750,225
750,314
750,319
750,750
750,909
750,1705
751,751
752,653
752,752
753,753
754,754
755,755
756,756
757,757
758,758
759,604
759,759
759,1450
759,1551
759,1607
759,1854
760,760
761,761
762,762
763,40
763,49
763,154
763,299
763,303
763,308
763,315
763,332
763,335
763,393
763,468
763,511
763,565
763,595
763,665
763,684
763,735
763,740
763,792
763,798
763,813
763,852
763,921
763,935
763,938
763,952
763,1094
763,1119
763,1159
763,1177
763,1181
763,1191
763,1266
764,764
765,501
765,765
766,766
767,767
767,1039
768,768
769,769
770,770
771,771
772,772
773,773
773,1248
774,774
775,775
776,776
777,777
778,778
779,779
780,780
781,781
782,782
783,783
784,784
785,785
786,92
786,786
787,787
788,788
789,305
789,789
790,516
790,775
790,790
790,1391
790,1552
790,1689
791,791
792,792
793,793
794,794
795,795
796,796
797,797
798,798
799,799
800,800
801,801
802,802
803,803
804,804
805,805
806,806
807,807
808,808
809,809
810,810
811,811
812,812
813,813
814,814
815,815
816,816
817,817
818,818
819,819
820,820
821,821
822,822
823,823
824,824
825,825
826,826
827,827
828,828
829,829
830,830
831,831
832,832
833,266
833,833
833,944
834,834
835,835
836,836
837,487
837,837
838,838
839,839
840,840
841,841
842,842
843,12
843,413
843,843
843,866
843,1027
844,844
845,845
846,846
847,847
848,848
849,849
850,850
851,851
852,852
853,853
854,854
855,855
856,856
857,743
857,857
858,858
859,859
860,860
861,861
862,862
863,863
864,864
865,865
866,866
867,867
868,868
869,869
870,870
871,871
872,872
873,873
874,874
875,875
876,876
877,877
878,878
879,879
880,880
881,881
882,882
883,35
883,557
883,883
883,943
883,1532
883,1720
883,1765
883,1820
884,884
885,885
886,886
887,887
888,888
889,889
890,890
891,891
892,892
893,893
894,894
895,895
896,896
897,897
898,898
899,899
900,900
901,901
902,902
903,903
904,614
904,904
904,1385
904,1398
904,1417
904,1418
904,1435
904,1482
904,1485
904,1539
904,1544
904,1556
904,1623
904,1668
904,1675
904,1788
904,1901
904,1925
904,1948
905,905
906,906
907,907
908,908
909,0
909,1
909,33
909,35
909,38
909,64
909,82
909,103
909,105
909,106
909,152
909,155
909,195
909,198
909,213
909,218
909,230
909,233
909,306
909,344
909,350
909,361
909,367
909,408
909,419
909,455
909,460
909,500
909,544
909,547
909,556
909,564
909,601
909,636
909,662
909,664
909,680
909,692
909,695
909,736
909,744
909,753
909,754
909,770
909,788
909,799
909,829
909,860
909,864
909,880
909,886
909,887
909,888
909,890
909,892
909,905
909,940
909,947
909,953
909,991
909,1011
909,1051
909,1057
909,1093
909,1117
909,1164
909,1193
909,1204
909,1225
909,1229
909,1232
909,1245
909,1257
909,1264
910,232
910,910
911,911
912,912
913,913
914,914
915,915
916,916
917,917
918,918
919,919
920,920
921,921
922,922
923,923
924,924
925,925
926,926
927,927
928,594
928,928
928,1217
929,282
929,929
929,1034
929,1216
930,343
930,930
931,931
932,932
933,933
934,934
935,935
936,936
937,937
938,938
939,939
940,940
941,941
942,942
943,883
943,943
944,944
945,945
946,946
947,947
948,948
949,949
950,950
951,951
952,952
953,953
954,654
954,954
955,955
956,956
957,957
958,958
959,153
959,959
960,960
961,961
962,962
963,963
964,964
965,965
966,966
967,967
968,968
968,1198
969,969
970,663
970,970
971,971
972,972
973,973
974,974
975,975
976,976
977,977
978,978
979,979
980,980
981,981
982,982
983,983
983,993
984,984
985,985
986,986
987,987
988,988
989,989
990,990
991,991
992,992
993,983
993,993
994,994
995,995
996,305
996,996
997,997
998,998
999,999
1000,1000
1001,1001
1002,1002
1003,1003
1003,1097
1004,1004
1004,1224
1005,1005
1006,1006
1007,1007
1008,1008
1009,1009
1010,1010
1011,1011
1012,1012
1013,1013
1014,1014
1015,1015
1016,1016
1016,1695
1016,1751
1016,1759
1016,1780
1016,1783
1016,1833
1016,1856
1016,1864
1016,1888
1016,1905
1016,1922
1016,1936
1016,1953
1016,1969
1017,1017
1018,1018
1019,1019
1020,1020
1020,1752
1021,1021
1022,1022
1023,1023
1024,1024
1025,1025
1025,1087
1026,1026
1027,568
1027,1027
1028,1028
1029,1029
1030,1030
1031,1031
1032,1032
1033,1033
1034,1034
1035,76
1035,1035
1036,1036
1037,1037
1038,1038
1039,106
1039,185
1039,208
1039,533
1039,666
1039,712
1039,727
1039,822
1039,943
1039,1035
1039,1182
1039,1192
1039,1338
1039,1406
1039,1514
1039,1571
1039,1585
1040,1040
1041,1041
1042,1042
1043,1043
1044,1044
1045,1045
1046,279
1046,1046
1047,1047
1048,1048
1049,1049
1050,175
1050,228
1050,353
1050,1043
1050,1050
1050,1165
1051,1051
1052,1052
1053,1053
1054,1054
1055,1055
1056,1056
1057,1057
1058,1058
1059,1059
1060,1060
1061,1061
1062,29
1062,1062
1063,1063
1064,1064
1065,1065
1066,383
1066,1066
1067,1067
1068,1068
1069,1069
1070,1070
1071,1071
1072,1072
1073,1073
1073,1195
1074,1074
1075,1075
1076,174
1076,590
1076,614
1076,1497
1076,1558
1076,1583
1076,1644
1076,1671
1076,1681
1076,1684
1076,1690
1076,1702
1076,1725
1076,1741
1076,1763
1076,1771
1076,1776
1076,1806
1076,1847
1076,1874
1076,1883
1076,1887
1076,1904
1076,1907
1076,1949
1076,1977
1077,541
1077,1077
1078,1078
1079,1079
1081,1081
1082,679
1082,1080
1082,1082
1082,1197
1082,1228
1083,1083
1084,1084
1085,1085
1086,1086
1087,1025
1087,1087
1088,1088
1089,1089
1090,1090
1091,1091
1092,54
1092,340
1092,354
1092,577
1092,644
1092,1063
1092,1368
1092,1705
1092,1849
1092,1958
1093,1093
1094,1094
1095,1095
1096,1096
1097,1003
1097,1097
1098,1098
1099,1099
1100,1100
1101,1101
1102,1102
1103,1103
1104,1104
1105,104
1105,1105
1106,1106
1107,1107
1108,1108
1109,1039
1109,1109
1109,1141
1110,1110
1111,1111
1112,1112
1113,1113
1114,441
1114,478
1114,1114
1115,1115
1116,1116
1117,1117
1118,1118
1119,1119
1120,1120
1121,1121
1122,1122
1123,1123
1124,1124
1125,1125
1126,1126
1127,1127
1128,1128
1129,1129
1130,1130
1131,1131
1132,1132
1133,1133
1134,1134
1135,1135
1136,1136
1136,1176
1137,1137
1138,1138
1139,1139
1140,1140
1141,319
1141,1109
1141,1141
1142,1142
1143,1143
1144,1144
1145,1145
1146,1146
1147,1147
1148,1148
1149,1149
1150,1150
1151,1151
1152,437
1152,1152
1152,1974
1152,1979
1153,1153
1154,379
1154,1154
1155,1155
1156,1156
1157,1157
1158,549
1158,761
1158,1158
1159,1159
1160,1160
1161,23
1161,120
1161,192
1161,246
1161,342
1161,457
1161,803
1161,958
1161,1000
1161,1064
1161,1096
1161,1161
1162,1162
1163,1163
1164,1164
1165,1165
1166,1166
1167,1167
1168,1168
1169,1169
1170,1170
1171,1171
1172,1172
1173,1173
1174,1174
1175,1175
1176,32
1176,1136
1176,1176
1177,487
1177,1177
1178,1178
1179,1179
1180,1180
1181,1181
1182,1182
1183,1183
1184,1184
1185,1185
1186,1186
1187,1187
1188,1188
1189,1189
1190,1190
1191,1191
1192,1098
1192,1192
1193,1193
1194,513
1194,1194
1195,1073
1195,1195
1196,1196
1197,1197
1198,968
1198,1198
1199,1199
1200,125
1200,156
1200,161
1200,188
1200,283
1200,284
1200,320
1200,349
1200,357
1200,384
1200,399
1200,405
1200,409
1200,458
1200,479
1200,529
1200,558
1200,587
1200,597
1200,599
1200,646
1200,660
1200,698
1200,725
1200,739
1200,777
1200,845
1200,858
1200,902
1200,905
1200,906
1200,942
1200,949
1200,961
1200,976
1200,995
1200,1002
1200,1013
1200,1044
1200,1049
1200,1058
1200,1070
1200,1091
1200,1135
1200,1173
1200,1224
1200,1228
1201,472
1201,750
1201,1201
1202,1202
1203,1203
1204,1204
1205,1205
1206,2
1206,693
1206,1206
1207,1207
1208,1746
1209,45
1209,64
1209,77
1209,81
1209,91
1209,101
1209,105
1209,137
1209,182
1209,206
1209,207
1209,222
1209,263
1209,352
1209,391
1209,452
1209,498
1209,557
1209,617
1209,624
1209,641
1209,707
1209,711
1209,721
1209,757
1209,762
1209,774
1209,805
1209,808
1209,824
1209,869
1209,880
1209,893
1209,895
1209,927
1209,971
1209,978
1209,999
1209,1010
1209,1020
1209,1038
1209,1072
1209,1081
1209,1123
1209,1164
1209,1174
1209,1185
1209,1193
1209,1230
1209,1261
1209,1282
1209,1661
1209,1909
1209,1912
1209,1932
1210,1210
1211,1211
1212,1212
1213,430
1213,567
1213,853
1213,1213
1214,1214
1215,1215
1216,929
1216,1216
1217,124
1217,257
1217,428
1217,657
1217,1305
1217,1312
1217,1341
1217,1356
1217,1421
1217,1465
1217,1469
1217,1508
1217,1549
1217,1556
1217,1597
1217,1600
1217,1645
1217,1696
1217,1717
1217,1726
1217,1742
1217,1772
1217,1797
1217,1802
1217,1812
1217,1834
1217,1882
1217,1920
1217,1960
1218,348
1218,421
1218,645
1218,1031
1218,1218
1218,1220
1219,1219
1220,812
1220,1220
1221,1221
1222,1222
1223,387
1223,1223
1224,1004
1224,1224
1225,1225
1226,1226
1227,1227
1228,1228
1229,1229
1230,1230
1231,1231
1232,1232
1232,1544
1233,139
1233,179
1233,787
1233,1233
1233,1250
1233,1272
1234,1234
1234,1367
1234,1415
1235,1235
1236,1236
1237,137
1237,151
1237,344
1237,629
1237,651
1237,1262
1238,285
1238,1238
1239,1239
1240,1240
1241,1241
1242,1242
1243,1243
1244,1244
1245,1245
1246,1246
1247,1247
1248,1248
1249,1249
1250,1250
1251,1251
1252,1252
1253,1253
1254,1254
1255,1255
1256,1256
1257,1257
1258,346
1258,780
1258,861
1258,989
1258,1052
1258,1237
1258,1258
1259,1259
1260,1260
1261,1261
1262,1262
1263,1263
1264,1264
1265,1265
1266,1266
1267,1267
1268,1268
1269,620
1269,1269
1270,1270
1271,1271
1272,0
1272,4
1272,7
1272,10
1272,16
1272,17
1272,24
1272,25
1272,26
1272,30
1272,34
1272,41
1272,42
1272,46
1272,52
1272,53
1272,56
1272,58
1272,66
1272,70
1272,74
1272,80
1272,81
1272,83
1272,84
1272,86
1272,90
1272,95
1272,98
1272,103
1272,107
1272,109
1272,110
1272,112
1272,117
1272,118
1272,119
1272,121
1272,130
1272,132
1272,135
1272,140
1272,141
1272,142
1272,145
1272,147
1272,148
1272,149
1272,155
1272,157
1272,162
1272,164
1272,169
1272,170
1272,172
1272,177
1272,178
1272,180
1272,194
1272,198
1272,202
1272,204
1272,209
1272,217
1272,223
1272,229
1272,230
1272,235
1272,236
1272,237
1272,238
1272,239
1272,243
1272,259
1272,263
1272,264
1272,265
1272,268
1272,270
1272,271
1272,276
1272,286
1272,289
1272,293
1272,296
1272,297
1272,303
1272,306
1272,318
1272,321
1272,326
1272,327
1272,328
1272,330
1272,336
1272,341
1272,351
1272,360
1272,366
1272,375
1272,386
1272,395
1272,396
1272,397
1272,398
1272,404
1272,406
1272,411
1272,414
1272,415
1272,417
1272,418
1272,423
1272,424
1272,425
1272,426
1272,431
1272,437
1272,439
1272,445
1272,448
1272,450
1272,454
1272,462
1272,463
1272,466
1272,469
1272,477
1272,481
1272,484
1272,491
1272,494
1272,495
1272,510
1272,512
1272,516
1272,519
1272,521
1272,525
1272,537
1272,538
1272,545
1272,547
1272,548
1272,549
1272,556
1272,559
1272,562
1272,568
1272,569
1272,570
1272,572
1272,579
1272,584
1272,591
1272,608
1272,609
1272,611
1272,616
1272,621
1272,622
1272,631
1272,632
1272,643
1272,652
1272,659
1272,664
1272,669
1272,670
1272,671
1272,673
1272,675
1272,676
1272,686
1272,690
1272,701
1272,702
1272,704
1272,705
1272,706
1272,710
1272,719
1272,720
1272,722
1272,731
1272,733
1272,735
1272,738
1272,742
1272,744
1272,754
1272,755
1272,756
1272,758
1272,768
1272,771
1272,780
1272,781
1272,782
1272,793
1272,797
1272,805
1272,810
1272,814
1272,815
1272,818
1272,819
1272,820
1272,822
1272,828
1272,830
1272,831
1272,834
1272,835
1272,838
1272,842
1272,846
1272,847
1272,851
1272,854
1272,855
1272,860
1272,862
1272,863
1272,865
1272,867
1272,868
1272,872
1272,873
1272,887
1272,888
1272,891
1272,895
1272,900
1272,908
1272,915
1272,916
1272,917
1272,918
1272,923
1272,925
1272,926
1272,931
1272,932
1272,937
1272,941
1272,946
1272,948
1272,954
1272,956
1272,957
1272,972
1272,985
1272,986
1272,987
1272,988
1272,991
1272,998
1272,1001
1272,1009
1272,1023
1272,1033
1272,1040
1272,1047
1272,1048
1272,1053
1272,1059
1272,1065
1272,1067
1272,1075
1272,1078
1272,1079
1272,1086
1272,1088
1272,1091
1272,1099
1272,1101
1272,1107
1272,1111
1272,1118
1272,1122
1272,1128
1272,1132
1272,1133
1272,1136
1272,1138
1272,1139
1272,1144
1272,1147
1272,1150
1272,1157
1272,1162
1272,1165
1272,1166
1272,1167
1272,1168
1272,1171
1272,1174
1272,1175
1272,1188
1272,1211
1272,1214
1272,1219
1272,1221
1272,1222
1272,1240
1272,1242
1272,1243
1272,1244
1272,1247
1272,1251
1272,1252
1272,1253
1272,1256
1272,1260
1272,1267
1272,1273
1272,1279
1272,1282
1272,1283
1272,1634
1273,297
1273,1273
1274,372
1274,1274
1275,1275
1276,656
1276,1276
1277,1277
1278,232
1278,375
1278,794
1278,1278
1279,539
1279,1279
1280,1280
1281,1281
1282,1282
1283,1283
1284,1284
1285,1285
1286,1286
1287,1287
1288,1288
1289,1289
1290,1290
1291,1291
1292,1292
1293,1293
1295,1295
1296,1296
1297,1297
1298,1298
1299,1299
1300,1300
1301,1301
1302,1302
1302,1332
1303,1303
1304,1304
1305,1305
1307,1307
1308,1308
1310,1310
1311,1311
1312,1312
1313,1313
1314,1314
1315,1315
1316,1316
1317,1317
1318,1318
1319,1319
1320,1340
1320,1628
1321,1321
1322,1322
1323,1323
1324,1324
1325,1325
1326,1326
1327,1327
1328,1328
1329,1329
1331,1331
1332,1332
1333,1333
1334,1334
1335,1335
1336,1336
1337,1337
1338,1294
1338,1306
1338,1320
1338,1327
1338,1330
1338,1342
1338,1351
1338,1353
1338,1373
1338,1395
1338,1400
1338,1408
1338,1411
1338,1412
1338,1442
1338,1445
1338,1448
1338,1470
1338,1479
1338,1487
1338,1500
1338,1507
1338,1520
1338,1521
1338,1545
1338,1577
1338,1586
1338,1590
1338,1594
1338,1595
1338,1606
1338,1624
1338,1706
1338,1713
1340,1340
1340,1358
1341,1341
1343,1343
1344,1344
1345,1294
1345,1306
1345,1309
1345,1339
1345,1345
1345,1395
1345,1442
1345,1500
1345,1520
1345,1545
1345,1577
1345,1706
1345,1939
1346,1346
1347,1347
1348,1348
1349,1349
1350,1350
1352,1352
1352,1722
1354,1354
1355,1355
1356,1356
1357,1357
1358,1358
1359,1359
1360,1360
1361,1361
1362,1362
1363,1363
1364,1364
1365,1365
1366,1366
1367,1367
1368,1368
1369,1369
1370,1370
1371,1371
1372,1372
1373,1373
1374,1374
1375,1375
1376,1376
1377,1377
1378,1378
1379,1379
1380,1380
1381,1381
1382,1382
1384,1384
1385,1385
1386,1386
1387,1387
1388,1388
1389,1389
1391,1391
1392,1392
1393,1393
1394,1394
1396,1396
1397,1397
1398,1398
1399,1399
1401,1401
1402,1402
1403,1403
1404,1404
1405,1405
1406,1406
1407,1407
1409,1409
1410,1410
1413,1413
1414,1414
1415,1415
1416,1416
1417,1417
1419,1419
1420,1420
1421,1421
1422,1422
1423,1423
1424,1424
1425,1425
1425,1534
1426,1426
1427,1427
1428,1428
1429,1429
1431,1431
1432,1432
1433,97
1433,300
1433,1320
1433,1330
1433,1342
1433,1351
1433,1353
1433,1400
1433,1411
1433,1412
1433,1429
1433,1430
1433,1433
1433,1445
1433,1448
1433,1470
1433,1479
1433,1487
1433,1507
1433,1521
1433,1586
1433,1590
1433,1594
1433,1595
1433,1606
1433,1624
1433,1713
1434,1434
1435,1435
1436,1436
1437,1437
1438,1438
1439,1439
1440,1440
1441,1441
1443,585
1443,1443
1443,1504
1443,1553
1443,1566
1444,1444
1446,1446
1447,1447
1449,1449
1450,1450
1451,1451
1452,1452
1453,1453
1454,480
1454,1454
1455,1455
1456,1456
1457,1457
1458,1458
1459,1459
1460,1460
1461,1461
1462,1462
1463,1463
1464,1464
1464,1535
1465,1465
1466,1466
1467,1467
1468,1468
1469,1469
1472,1472
1473,1473
1474,1474
1475,1475
1476,1476
1477,1477
1478,1478
1480,1480
1481,1481
1482,1482
1483,1483
1484,1484
1485,1485
1486,1486
1488,1488
1489,1489
1490,1490
1491,1491
1492,1492
1493,1493
1494,1494
1495,1495
1496,1496
1497,1497
1498,1498
1499,1499
1501,1501
1502,1502
1503,1503
1504,1504
1505,1505
1506,1506
1508,1508
1509,1509
1510,1510
1511,1511
1512,1512
1513,1513
1514,1514
1515,1515
1516,1516
1517,1517
1518,688
1518,1309
1518,1339
1518,1375
1518,1376
1518,1390
1518,1404
1518,1430
1518,1518
1518,1519
1518,1898
1519,1519
1522,1522
1523,1523
1524,1524
1524,1568
1524,1608
1525,1525
1526,1526
1528,1528
1529,1529
1530,1530
1531,1531
1532,1532
1533,1533
1534,1534
1535,1535
1536,1536
1537,1537
1538,1538
1539,1539
1540,1540
1541,1541
1542,1542
1543,1543
1546,1546
1547,1455
1547,1547
1548,1548
1549,1549
1550,1550
1551,1551
1552,1552
1553,1553
1554,1554
1555,1555
1557,1557
1558,1558
1559,1559
1560,1560
1561,1561
1562,465
1563,1563
1564,1564
1565,1565
1566,1566
1567,1567
1568,1568
1569,1569
1570,1570
1571,1571
1572,1572
1573,688
1573,1573
1574,1574
1575,1575
1576,1576
1578,1578
1579,1579
1580,1580
1581,1581
1582,1582
1583,1583
1584,1584
1585,1585
1587,1587
1588,1588
1589,1589
1591,1591
1592,1592
1593,1593
1596,1596
1597,1597
1598,1598
1599,1599
1600,1600
1601,1601
1602,1602
1603,1603
1604,1604
1605,1605
1607,1607
1608,1608
1609,1609
1610,1610
1611,1611
1612,1612
1613,1613
1614,1614
1615,1615
1616,1616
1617,1617
1618,1618
1619,1619
1620,1620
1621,1621
1622,1622
1623,1623
1625,1625
1626,1626
1627,1627
1628,1628
1629,1629
1630,1432
1630,1630
1631,1631
1632,1632
1633,499
1633,1633
1634,1634
1635,1635
1636,1636
1637,1637
1638,1638
1639,1639
1640,1640
1641,1641
1642,1642
1643,1643
1644,1644
1645,1645
1646,1646
1647,1647
1648,1648
1649,1649
1650,1650
1651,1651
1652,1652
1653,1653
1654,1654
1655,1655
1656,1656
1657,1657
1658,1658
1659,1659
1660,1660
1661,1661
1662,1662
1663,1663
1664,1664
1665,1665
1666,1666
1667,1667
1668,1668
1669,1669
1670,1670
1671,1671
1672,1672
1673,1673
1674,1674
1675,1675
1676,1676
1677,1677
1678,1678
1679,1679
1680,1680
1681,1681
1682,1682
1683,1683
1684,1684
1685,1685
1686,1686
1687,1687
1688,1688
1689,1689
1690,1690
1691,1691
1692,1692
1694,1694
1695,1695
1696,1696
1697,1697
1698,1698
1699,1699
1700,1700
1701,1701
1702,1702
1703,1703
1704,1704
1707,1707
1708,1708
1709,1709
1710,1710
1711,1711
1712,1712
1714,1714
1715,1715
1716,1716
1717,1717
1718,1718
1719,1719
1720,1720
1721,1721
1722,1722
1723,1723
1724,1724
1725,1725
1726,1726
1727,1727
1728,1728
1729,1729
1730,1730
1731,1731
1732,1732
1733,1733
1734,1734
1735,1735
1736,1736
1737,1737
1738,1738
1739,1739
1740,1740
1741,1741
1742,1742
1743,1743
1744,1744
1745,1745
1747,1747
1748,1748
1749,1749
1750,1750
1751,1751
1752,1752
1753,1753
1754,1754
1755,1755
1756,1756
1757,1757
1758,1758
1759,1759
1760,1760
1761,1761
1762,1762
1763,1763
1764,1764
1765,1765
1766,1766
1767,1767
1768,1768
1769,1769
1770,1770
1771,1771
1772,1772
1773,1773
1774,1774
1775,1775
1776,1776
1777,1777
1778,1778
1779,1779
1780,1780
1781,1781
1782,1782
1783,1783
1784,1784
1785,1785
1786,1786
1787,1787
1788,1788
1789,1789
1790,1790
1791,1791
1792,1792
1793,1793
1794,1794
1795,1795
1796,1796
1796,1968
1797,1797
1798,1798
1799,1799
1800,1800
1801,1801
1802,1802
1803,1803
1804,1804
1805,1805
1806,1806
1807,1807
1808,1808
1809,1809
1810,1810
1811,1811
1812,1812
1813,1813
1814,1814
1815,1815
1816,1816
1817,1817
1818,1818
1819,743
1819,1819
1820,1820
1821,1821
1822,1822
1823,1823
1824,1824
1825,1825
1826,1826
1827,1827
1828,1828
1829,1829
1830,1830
1831,1831
1832,1832
1833,1833
1833,1899
1834,1834
1835,1835
1836,1836
1837,1837
1838,1838
1839,1839
1840,1840
1841,1841
1842,1842
1843,1843
1844,1844
1845,1845
1846,1748
1846,1757
1846,1846
1847,1847
1848,1848
1849,1849
1850,1850
1851,1851
1852,1852
1853,1853
1854,1854
1855,1855
1856,1856
1857,1857
1858,1858
1859,1859
1860,1860
1861,1861
1862,1862
1863,1863
1864,1864
1865,1865
1866,1866
1867,1867
1868,1868
1869,1869
1870,1870
1871,1871
1872,1872
1873,1873
1874,1874
1875,1875
1876,1876
1877,1877
1878,1878
1879,1879
1880,1880
1881,1881
1882,1882
1883,1846
1883,1883
1884,1884
1885,1885
1886,1886
1887,1887
1888,1888
1889,1889
1890,1890
1891,1891
1892,1892
1893,1893
1894,1894
1895,1895
1896,1896
1897,1897
1898,1898
1899,1899
1900,1900
1901,1901
1902,1902
1903,1903
1904,1904
1906,1906
1907,1907
1908,1908
1909,1909
1910,1910
1911,1911
1912,1912
1913,1913
1914,1914
1915,1915
1916,1916
1917,1917
1918,1918
1919,1919
1920,1920
1921,1921
1922,1922
1923,1923
1924,1924
1925,1925
1926,1926
1927,1927
1928,1928
1929,1929
1930,1930
1931,1931
1932,1932
1933,1933
1934,1934
1935,1935
1936,1936
1937,1937
1938,1938
1939,1939
1940,1940
1941,1941
1942,1942
1943,1943
1944,1944
1945,1945
1946,1946
1947,1947
1948,1948
1949,1949
1950,1950
1951,1951
1952,1952
1953,1953
1954,1954
1955,1955
1956,1956
1957,1957
1958,1958
1959,1959
1960,1960
1961,1961
1962,28
1962,1962
1962,1964
1962,1966
1962,1970
1962,1971
1962,1972
1962,1976
1962,1978
1962,1980
1963,1963
1964,1964
1965,1965
1966,1963
1966,1966
1967,1967
1968,1796
1968,1968
1969,1969
1970,1970
1971,1749
1971,1971
1972,1972
1973,1973
1974,1152
1974,1974
1974,1975
1975,1975
1976,1976
1977,1977
1978,1978
1979,1979
1980,1980
