0,0
1,1
2,2
3,3
4,4
4,78
4,237
4,347
4,415
4,502
4,550
5,5
6,6
7,7
8,56
8,145
8,174
8,253
8,293
8,333
8,412
8,428
8,519
8,714
8,844
8,845
8,942
9,9
9,431
10,10
11,11
12,12
12,718
12,1134
13,13
14,14
15,15
16,16
17,17
17,523
18,18
19,19
20,20
20,29
20,37
20,982
21,21
21,242
21,465
21,778
21,853
21,978
21,1072
22,22
23,23
24,24
25,25
26,26
27,27
28,83
28,101
28,127
28,348
28,395
28,401
28,407
28,635
28,726
28,846
28,881
28,976
28,1110
28,1127
29,29
30,30
31,31
31,57
31,544
32,32
33,33
35,1
35,163
35,225
35,232
35,238
35,345
35,521
35,535
35,621
35,1042
35,1179
35,1182
36,36
36,1147
37,37
37,944
38,38
39,39
40,40
41,41
41,273
41,689
42,42
43,43
44,44
45,45
46,46
47,47
48,48
48,630
49,49
50,50
51,51
52,52
53,53
54,54
55,55
56,56
57,57
58,58
59,59
60,60
61,61
61,386
61,575
62,62
63,63
63,607
63,712
63,731
63,758
63,869
64,64
65,65
66,66
67,67
68,68
69,69
70,70
71,71
72,72
73,73
74,74
74,241
74,772
74,811
75,75
76,76
77,77
78,78
79,79
79,464
80,80
81,139
81,255
81,281
81,597
81,598
81,711
81,776
82,82
83,83
84,84
85,85
86,86
87,87
87,301
87,429
87,444
87,516
88,88
89,89
90,90
91,91
92,92
93,93
94,94
94,103
94,208
94,283
94,507
94,658
95,95
95,355
96,96
97,799
97,1227
97,1232
97,1252
97,1253
97,1259
97,1281
97,1304
97,1309
97,1314
97,1351
97,1380
97,1400
97,1424
97,1462
97,1486
97,1492
97,1623
97,1673
97,1681
97,1722
97,1724
97,1738
97,1748
97,1754
97,1760
97,1766
97,1783
97,1784
97,1823
97,1825
97,1836
97,1840
97,1857
97,1917
97,1922
97,1962
97,1970
97,1982
98,98
98,1135
99,77
99,99
100,1217
100,1221
100,1272
100,1285
100,1332
100,1333
100,1396
100,1408
100,1415
100,1420
100,1427
100,1433
100,1447
101,101
102,102
103,103
104,104
105,105
106,106
106,207
106,248
106,295
106,403
106,667
106,1092
107,107
108,108
109,109
110,110
110,1016
111,111
112,112
113,113
113,183
113,520
113,850
113,1004
114,114
115,115
116,116
116,156
117,117
118,118
119,119
120,120
121,64
121,356
121,1374
121,1703
122,122
123,123
124,42
124,124
124,162
124,494
124,768
125,125
126,126
127,127
128,128
129,129
130,130
131,131
132,132
133,133
134,134
135,135
136,136
137,137
138,138
139,139
140,140
141,141
141,1032
142,142
143,143
144,144
145,145
146,146
147,147
148,171
148,433
148,1238
148,1326
148,1472
148,1473
148,1490
148,1556
148,1596
148,1610
148,1732
148,1741
148,1744
148,1761
148,1829
148,1861
148,1870
148,1875
148,1877
148,1900
148,1934
148,1945
148,1953
149,149
150,150
151,151
151,429
151,876
152,152
153,153
154,154
155,155
156,116
156,156
157,157
158,158
159,159
160,160
160,198
161,161
162,162
163,163
164,164
165,121
165,165
166,166
167,167
168,168
169,169
170,170
171,171
172,172
173,173
174,174
175,175
176,176
177,177
178,178
178,1132
179,179
180,180
181,181
182,41
182,182
182,679
182,1086
183,183
184,184
184,757
184,1196
185,185
187,187
188,188
189,189
189,304
189,802
189,899
190,190
191,191
192,192
193,193
194,105
194,194
195,195
196,196
197,197
198,40
198,160
198,198
198,234
199,199
200,8
200,80
200,200
200,364
200,367
201,201
202,202
203,203
204,204
206,206
206,832
207,207
208,208
209,209
210,210
211,211
212,3
212,202
212,227
212,240
212,387
212,426
212,449
212,510
212,517
212,555
212,578
212,591
212,609
212,685
212,798
212,886
212,999
212,1020
212,1056
212,1160
212,1199
213,213
213,1051
214,214
215,215
216,216
217,217
218,218
218,765
219,219
219,663
220,220
221,221
221,1089
222,222
223,223
223,385
224,224
225,225
226,226
227,227
228,228
229,135
229,229
229,967
229,1104
230,230
231,231
232,232
233,233
234,234
235,235
235,1085
235,1128
236,236
237,237
238,238
239,3
239,88
239,149
239,185
239,231
239,259
239,262
239,269
239,275
239,278
239,299
239,322
239,361
239,432
239,473
239,548
239,559
239,561
239,588
239,643
239,795
239,798
239,1063
239,1109
239,1165
239,1185
240,240
241,241
242,242
243,243
244,244
245,245
246,246
247,247
248,209
248,248
249,249
250,250
251,251
252,252
252,513
252,1005
253,253
254,254
255,255
256,256
257,257
258,258
259,259
260,260
261,261
262,262
263,52
263,67
263,114
263,154
263,257
263,299
263,361
263,378
263,387
263,393
263,441
263,449
263,492
263,505
263,521
263,531
263,548
263,561
263,572
263,651
263,652
263,742
263,769
263,807
263,843
263,904
263,1013
263,1025
263,1049
263,1054
263,1067
263,1142
263,1157
263,1175
263,1178
263,1185
264,264
265,265
266,261
266,266
266,316
266,438
266,468
266,785
266,966
266,989
267,267
268,268
268,701
269,269
270,270
271,85
271,294
271,489
271,528
271,761
271,792
271,956
271,1023
271,1094
272,272
273,273
275,275
276,0
276,276
276,420
276,610
276,745
276,859
276,953
277,277
278,278
279,279
280,244
280,280
280,862
281,281
282,282
283,283
283,346
284,284
285,285
286,286
287,287
287,530
288,288
289,289
290,290
291,148
291,291
291,686
292,292
292,488
292,930
293,293
294,294
295,295
296,296
297,297
298,298
299,299
300,300
301,136
301,301
301,1161
301,1203
302,302
303,303
304,304
305,305
306,306
306,861
307,307
308,308
308,582
309,1219
309,1325
309,1338
309,1367
309,1413
309,1414
309,1437
309,1440
309,1480
309,1488
309,1493
309,1503
309,1507
309,1522
309,1525
309,1526
309,1553
309,1563
309,1574
309,1575
309,1602
309,1622
309,1632
309,1670
309,1677
309,1679
309,1728
309,1739
309,1749
309,1752
309,1769
309,1789
309,1796
309,1839
309,1841
309,1863
309,1872
309,1921
309,1949
309,1964
309,1975
309,1976
309,1988
309,1995
309,2000
309,2002
310,310
311,311
312,312
313,313
313,457
314,314
315,315
316,316
317,317
318,318
319,319
320,320
321,321
322,322
323,289
323,323
323,556
323,991
324,324
324,927
325,325
326,326
327,327
328,328
329,329
330,330
331,331
332,332
333,333
334,334
335,335
336,336
337,424
337,706
337,790
337,837
337,1077
337,1099
337,1242
338,338
339,339
340,340
341,341
342,342
343,343
344,344
345,345
346,346
347,347
348,348
349,349
350,350
351,351
352,352
352,467
353,118
353,125
353,320
353,638
353,833
353,877
353,1131
354,354
355,355
356,356
357,357
357,1164
357,1168
358,358
358,875
359,359
360,360
361,361
362,362
363,363
364,364
365,365
366,366
367,367
367,1027
368,368
369,369
370,370
370,657
371,371
371,779
372,372
373,373
374,254
374,374
374,375
374,396
374,400
374,911
375,375
376,376
377,144
377,377
377,398
377,914
377,995
377,1133
378,378
379,379
380,54
380,380
380,786
381,381
381,855
382,382
382,1214
382,1278
382,1318
382,1328
382,1377
382,1402
382,1502
382,1580
382,1640
382,1694
382,1720
382,1751
382,1767
382,1768
382,1852
382,1910
382,1969
383,123
383,1361
383,1410
383,1612
383,1688
383,1729
383,1867
383,1884
383,1959
383,2001
384,161
384,210
384,315
384,329
384,435
384,986
385,223
385,385
386,61
386,386
387,387
388,388
389,389
390,390
391,391
392,430
392,532
392,838
392,874
392,1028
392,1118
392,1151
392,1154
393,393
394,23
394,140
394,152
394,158
394,270
394,308
394,394
394,873
394,917
394,923
395,395
396,396
397,397
398,398
399,399
400,126
400,187
400,215
400,257
400,284
400,340
400,497
400,533
400,735
400,831
400,858
400,979
400,1071
400,1115
400,1162
400,1202
401,401
402,402
403,403
404,404
405,405
405,784
406,406
407,407
408,408
409,409
410,410
411,47
411,325
411,411
411,878
411,951
411,1181
412,412
412,905
413,32
413,150
413,216
413,260
413,281
413,311
413,336
413,369
413,391
413,448
413,492
413,534
413,559
413,578
413,602
413,631
413,684
413,723
413,824
413,880
413,947
413,955
413,1044
413,1107
413,1108
413,1138
413,1150
414,414
415,415
416,595
416,1000
416,1191
416,1273
416,1327
416,1336
416,1345
416,1363
416,1388
416,1403
416,1418
416,1535
416,1541
416,1570
416,1583
416,1587
416,1723
416,1737
416,1771
416,1817
416,1835
416,1894
416,1898
416,1913
416,1992
416,1994
417,417
418,418
419,419
420,420
421,421
422,422
423,423
423,1532
424,424
425,425
426,426
427,427
427,775
428,428
430,430
431,9
431,1223
431,1250
431,1261
431,1276
431,1282
431,1289
431,1299
431,1344
431,1369
431,1598
431,1707
431,1756
431,1873
431,1997
432,432
433,433
434,434
435,435
436,436
437,437
438,438
439,439
440,440
441,441
442,442
443,443
443,1088
444,444
444,734
445,445
446,446
447,447
448,448
449,449
450,450
451,451
452,452
452,868
453,453
454,454
455,455
456,456
457,313
457,457
458,458
459,459
460,460
461,461
462,462
463,463
463,682
463,1140
464,79
464,464
465,307
465,465
466,466
467,352
467,467
468,468
469,458
469,461
469,469
469,770
470,470
471,471
472,472
473,473
474,474
475,475
476,476
477,477
478,478
478,703
478,725
479,479
480,480
481,481
481,565
481,590
481,851
481,1041
482,482
483,300
483,483
484,484
485,485
486,486
487,487
488,292
488,488
489,489
490,490
491,491
492,492
493,493
494,494
495,495
496,14
496,1245
496,1422
496,1510
496,1585
496,1639
496,1657
496,1690
496,1790
496,1855
496,1874
496,1912
497,497
498,498
499,499
500,34
500,478
500,500
500,543
501,7
501,62
501,73
501,93
501,107
501,137
501,155
501,204
501,214
501,220
501,243
501,317
501,477
501,602
501,604
501,614
501,670
501,806
501,825
501,840
501,960
501,1043
501,1045
501,1061
501,1066
501,1069
501,1193
502,502
503,503
504,504
505,505
506,506
507,55
507,194
507,349
507,427
507,540
507,625
507,885
507,1105
508,508
509,509
510,510
511,409
511,511
512,512
512,789
512,897
513,513
514,514
515,515
516,129
516,611
516,796
516,895
517,517
518,518
518,962
519,519
520,246
520,331
520,810
520,987
521,521
522,60
522,522
522,940
522,1078
523,17
523,523
523,848
524,524
524,1022
524,1075
525,525
526,526
527,527
528,528
529,529
529,822
530,287
530,530
531,531
532,532
533,533
534,534
535,535
536,536
537,537
538,538
539,539
540,540
541,541
542,542
543,543
544,544
545,545
546,546
547,547
547,576
548,548
549,549
550,550
551,551
552,24
552,104
552,170
552,470
552,480
552,552
552,656
552,698
552,981
552,997
553,553
554,554
554,1065
555,555
556,556
557,274
557,557
557,727
558,558
559,559
560,560
561,561
562,562
563,563
564,564
565,565
566,566
566,650
567,567
568,568
569,569
570,570
571,571
572,572
573,456
573,573
573,1121
574,59
574,188
574,218
574,402
574,486
574,537
574,563
574,654
574,673
574,782
574,819
574,1073
574,1143
575,575
576,576
577,577
577,1034
578,578
579,1223
579,1241
579,1260
579,1283
579,1334
579,1346
579,1365
579,1399
579,1402
579,1434
579,1652
580,580
581,581
582,582
583,583
584,584
584,993
585,585
585,740
586,586
587,587
588,588
589,589
590,590
591,591
592,592
592,1192
593,593
594,146
594,594
594,921
595,595
596,596
597,597
598,598
599,599
600,600
601,601
602,602
603,603
604,604
605,605
606,606
606,1851
606,1932
607,607
608,608
609,609
610,610
611,49
611,67
611,142
611,154
611,180
611,185
611,322
611,334
611,336
611,531
611,572
611,684
611,702
611,723
611,738
611,747
611,826
611,872
611,903
611,912
611,955
611,965
611,1013
611,1047
611,1170
611,1178
611,1193
612,612
613,613
613,818
614,614
615,615
616,616
617,617
618,618
619,95
619,619
620,620
621,621
622,622
623,128
623,460
623,623
624,66
624,312
624,624
624,902
624,1123
625,625
626,39
626,350
626,536
626,1038
626,1989
627,1226
627,1432
627,1467
627,1591
627,1627
627,1655
627,1701
627,1719
627,1726
627,1733
627,1777
627,1827
627,1831
627,1834
627,1837
627,1881
627,1882
627,1929
627,1939
627,1957
628,628
629,629
630,630
631,631
632,632
633,633
634,634
635,635
636,222
636,226
636,305
636,526
636,636
636,743
637,637
638,638
639,36
639,392
639,501
639,639
639,707
639,1190
640,640
641,641
642,30
642,52
642,72
642,76
642,149
642,167
642,240
642,256
642,259
642,262
642,362
642,432
642,441
642,517
642,534
642,603
642,643
642,652
642,762
642,774
642,820
642,843
642,903
642,926
642,980
642,996
642,1025
642,1063
642,1107
642,1109
642,1146
642,1156
643,643
644,20
644,644
645,645
646,646
647,184
647,482
647,642
647,647
647,913
648,648
649,649
650,566
650,650
651,651
652,652
653,653
654,654
655,44
655,88
655,164
655,193
655,419
655,434
655,509
655,546
655,562
655,693
655,717
655,817
655,998
655,1124
656,656
657,172
657,495
657,1018
657,1125
657,1207
657,1498
657,1534
657,1547
657,1593
657,1626
657,1629
657,1663
657,1667
657,1671
657,1672
657,1814
657,1838
657,1848
657,1879
657,1888
657,1902
658,5
658,115
658,297
658,619
658,632
658,658
659,659
660,660
661,661
662,662
662,682
662,1254
663,219
663,663
664,664
664,681
665,665
666,666
667,106
667,547
667,667
667,971
667,1177
668,668
669,669
670,670
671,671
672,251
672,354
672,672
673,673
674,674
675,86
675,675
676,676
677,58
677,84
677,112
677,247
677,455
677,541
677,570
677,668
677,669
677,720
677,794
677,949
677,970
677,1183
678,196
678,514
678,600
678,678
678,1046
679,49
679,180
679,231
679,256
679,588
679,601
679,700
679,702
679,716
679,724
679,774
679,816
679,830
679,857
679,863
679,888
679,1064
679,1068
679,1091
679,1158
679,1204
680,43
680,70
680,454
680,491
680,620
680,659
680,680
680,695
680,755
680,969
680,1026
680,1070
680,1167
681,681
683,683
684,684
685,685
686,704
686,1258
686,1296
686,1355
686,1389
686,1501
686,1531
686,1589
686,1621
686,1650
686,1712
686,1906
686,1947
686,1955
687,687
688,688
689,689
690,690
691,691
692,692
693,693
694,694
695,695
696,296
696,524
696,696
696,751
696,900
696,957
696,1048
696,1087
697,697
698,698
698,1184
699,201
699,205
699,236
699,342
699,699
699,791
699,797
699,925
700,700
701,268
701,701
702,702
703,703
704,704
705,705
705,1079
706,706
707,707
708,708
709,709
710,710
711,711
712,712
713,713
714,714
715,596
715,715
715,867
716,716
717,717
718,718
719,719
720,720
721,721
722,722
723,723
724,724
725,10
725,90
725,92
725,114
725,142
725,275
725,378
725,388
725,426
725,473
725,505
725,515
725,551
725,616
725,676
725,687
725,747
725,762
725,824
725,826
725,836
725,916
725,960
725,965
725,973
725,992
725,1056
725,1067
725,1083
725,1108
725,1137
725,1157
725,1165
725,1175
726,726
727,1015
728,483
728,728
728,963
728,1111
729,729
730,730
731,731
732,732
733,733
734,205
734,581
734,719
734,734
734,1081
734,1113
735,735
736,736
737,737
738,738
739,739
739,1052
739,1084
740,508
740,692
740,1224
740,1288
740,1297
740,1307
740,1315
740,1319
740,1383
740,1390
740,1406
740,1421
740,1435
740,1449
740,1459
740,1463
740,1664
740,1699
740,1916
740,1920
741,741
742,742
743,743
744,744
745,276
745,745
746,746
747,747
748,694
748,1195
748,1340
748,1441
748,1800
748,1971
749,749
750,750
751,751
752,752
753,753
754,754
754,1036
754,1122
755,755
756,89
756,173
756,186
756,655
756,756
757,757
758,758
759,759
760,760
761,761
762,762
763,649
763,763
763,839
764,764
765,765
766,766
767,767
768,124
768,768
769,769
770,11
770,46
770,147
770,568
770,691
770,733
770,736
770,827
770,870
770,984
770,985
770,1010
770,1076
771,771
772,772
773,326
773,773
774,774
775,131
775,775
776,776
777,777
777,809
778,778
779,779
780,780
781,781
782,782
783,783
784,405
784,784
785,6
785,26
785,68
785,102
785,109
785,166
785,266
785,277
785,391
785,571
785,608
785,665
785,674
785,780
785,860
785,929
785,1011
785,1049
785,1166
786,380
786,786
787,787
788,788
789,789
790,790
791,791
792,792
793,793
794,794
795,795
796,796
797,797
798,798
799,799
800,800
801,801
802,802
803,803
804,804
805,805
806,806
807,807
808,808
809,777
809,809
810,810
811,811
812,812
813,416
813,813
813,1189
814,814
815,269
815,334
815,366
815,448
815,506
815,553
815,617
815,738
815,749
815,753
815,787
815,808
815,892
815,922
815,954
815,974
815,1007
815,1058
815,1153
816,816
817,817
818,119
818,613
818,818
819,819
820,820
821,821
822,822
823,823
824,824
825,825
826,826
827,827
828,828
829,829
830,830
831,831
832,206
832,832
833,833
834,834
835,835
836,836
837,837
838,838
839,567
839,763
839,839
840,840
841,841
841,1148
842,641
842,759
842,842
842,1006
843,843
844,844
845,845
846,846
847,474
847,847
847,961
847,972
848,848
849,849
850,192
850,629
850,1186
851,851
852,852
853,853
854,25
854,133
854,168
854,372
854,389
854,437
854,493
854,503
854,605
854,618
854,750
855,381
855,855
856,856
857,857
858,858
859,859
860,860
861,306
861,729
861,861
862,280
862,862
863,863
864,821
864,835
864,901
864,1060
864,1116
865,865
866,585
866,866
867,371
867,715
867,867
868,452
868,868
868,1098
869,869
870,870
871,179
871,263
871,374
871,842
871,871
872,872
873,873
874,874
875,640
875,875
875,990
877,877
878,878
879,404
879,418
879,710
879,879
880,880
881,881
882,353
882,882
883,883
884,884
885,885
886,886
887,887
888,888
889,889
890,890
891,891
892,892
893,525
893,893
893,1206
894,894
895,895
896,896
897,421
897,634
897,897
897,1152
898,898
899,143
899,217
899,327
899,341
899,357
899,586
899,592
899,890
899,1097
899,1155
899,1180
899,1200
899,1205
900,900
901,901
902,138
902,159
902,841
902,865
902,939
902,941
902,1003
902,1055
903,903
904,904
905,905
906,906
907,1235
907,1264
907,1271
907,1286
907,1302
907,1311
907,1343
907,1386
907,1404
907,1468
907,1474
907,1485
907,1500
907,1512
907,1539
907,1559
907,1584
907,1714
907,1715
907,1764
907,1842
907,1844
907,1860
907,1880
907,1889
907,1892
907,1924
907,1925
907,1943
907,1946
907,1958
907,1973
907,1991
907,2005
907,2007
908,122
908,258
908,410
908,414
908,447
908,462
908,504
908,708
908,800
908,803
908,814
908,928
908,946
908,964
908,1007
909,909
910,910
911,911
912,912
913,913
914,914
915,915
915,1256
915,1392
916,916
917,917
918,918
919,919
920,920
921,574
921,921
922,922
923,923
924,924
924,1249
925,884
925,925
926,926
927,324
927,927
928,928
929,929
930,930
931,931
932,932
933,933
934,934
935,935
935,1012
936,34
936,212
936,233
936,766
936,815
936,936
937,937
938,938
939,939
940,940
941,941
942,942
943,675
943,943
944,190
944,288
944,318
944,484
944,587
944,711
944,889
944,1029
944,1033
944,1090
944,1201
945,945
946,946
947,947
949,949
950,28
950,186
950,249
950,823
950,950
950,1002
950,1019
950,1171
951,951
952,952
953,953
954,954
955,955
956,956
957,957
958,958
958,1130
959,959
960,960
961,961
962,518
962,962
963,963
964,964
965,965
966,966
967,271
967,967
968,968
969,267
969,969
970,970
971,971
972,847
972,972
973,973
974,974
975,934
975,975
976,976
977,200
977,239
977,977
977,1139
978,978
979,979
980,980
981,981
982,45
982,176
982,290
982,425
982,982
983,309
983,310
983,983
983,1197
984,984
985,985
986,986
987,987
988,31
988,894
988,988
989,989
990,72
990,91
990,132
990,298
990,366
990,436
990,475
990,476
990,560
990,591
990,688
990,713
990,746
990,856
990,904
990,1158
991,323
991,672
991,991
992,992
993,117
993,584
993,993
994,994
994,1014
995,75
995,995
996,996
997,997
998,998
999,999
1000,1000
1001,1001
1002,1002
1003,1003
1004,15
1004,69
1004,157
1004,191
1004,343
1004,390
1004,439
1004,442
1004,472
1004,539
1004,945
1004,1080
1004,1129
1005,1005
1005,1188
1006,1006
1007,1007
1008,81
1008,1008
1008,1100
1008,1112
1009,2
1009,384
1009,1009
1010,1010
1011,1011
1012,935
1012,1012
1012,1173
1013,1013
1014,994
1014,1014
1015,829
1015,1265
1015,1347
1015,1350
1015,1508
1015,1579
1015,1645
1015,1822
1015,1935
1016,110
1016,1016
1017,1017
1018,1018
1019,1019
1020,1020
1021,1021
1022,1022
1023,1023
1024,1024
1025,1025
1026,1026
1027,910
1027,1027
1028,1028
1029,1029
1030,1030
1031,1031
1032,141
1032,1032
1033,1033
1034,577
1034,1034
1035,1035
1036,99
1036,754
1036,932
1036,1036
1036,1120
1037,1037
1038,1038
1039,97
1039,626
1039,948
1039,1039
1040,1040
1041,1041
1042,1042
1043,1043
1044,1044
1045,1045
1046,633
1046,678
1046,1046
1047,1047
1048,1048
1049,1049
1050,1050
1051,27
1051,130
1051,583
1051,599
1051,834
1051,852
1051,909
1052,1052
1053,1053
1054,1054
1055,1055
1056,1056
1057,321
1057,413
1057,542
1057,741
1057,891
1057,1057
1058,1058
1059,1059
1060,1060
1061,1061
1062,1062
1063,1063
1064,1064
1065,549
1065,937
1065,1211
1065,1419
1065,1456
1065,1742
1065,1905
1065,1938
1066,1066
1067,1067
1068,1068
1069,1069
1070,1070
1071,1071
1072,1072
1073,1073
1074,1212
1074,1220
1074,1230
1074,1266
1074,1275
1074,1298
1074,1323
1074,1331
1074,1353
1074,1376
1074,1416
1074,1417
1074,1430
1074,1446
1074,1555
1074,1573
1074,1576
1074,1581
1074,1668
1074,1696
1074,1740
1074,1797
1074,1809
1074,1811
1074,1813
1074,1820
1074,1832
1074,1845
1074,1897
1074,1926
1074,1928
1074,1968
1074,1972
1074,1999
1075,1075
1076,1076
1077,1077
1078,282
1078,459
1078,466
1078,538
1078,664
1078,1078
1079,1079
1080,1080
1081,1037
1081,1081
1082,19
1082,51
1082,203
1082,265
1082,285
1082,311
1082,332
1082,562
1082,651
1082,661
1082,669
1082,732
1082,742
1082,769
1082,793
1082,795
1082,947
1082,1141
1082,1159
1082,1169
1083,1083
1084,181
1084,739
1084,1084
1085,235
1085,411
1085,580
1085,887
1085,1085
1086,422
1086,1086
1087,1087
1088,443
1088,1088
1089,221
1089,908
1089,1089
1090,1090
1091,1091
1092,1092
1093,677
1093,1093
1094,1094
1095,1095
1096,1096
1097,1097
1098,1098
1099,1099
1100,197
1100,1792
1101,748
1101,1101
1102,1102
1103,337
1103,383
1103,1103
1104,1104
1105,1105
1106,1106
1107,1107
1108,1108
1109,1109
1110,1110
1111,728
1111,1111
1111,1117
1112,265
1112,278
1112,670
1112,1068
1113,1113
1114,1114
1115,1115
1116,1116
1117,376
1117,1117
1118,1118
1119,1119
1120,1120
1121,446
1121,573
1121,1121
1122,545
1122,1122
1123,624
1123,1123
1124,1124
1125,1125
1126,65
1126,120
1126,368
1126,612
1126,721
1126,943
1126,1082
1126,1126
1127,1127
1128,1128
1129,1129
1130,189
1130,958
1130,1130
1131,1131
1132,1132
1133,1133
1134,12
1134,134
1134,286
1134,330
1134,451
1134,471
1134,593
1134,628
1134,653
1134,1031
1134,1053
1135,98
1135,1135
1136,1136
1137,1137
1138,1138
1139,854
1139,1139
1140,228
1140,393
1140,807
1140,1054
1140,1083
1140,1142
1140,1316
1140,1335
1140,1450
1140,1466
1140,1478
1140,1479
1140,1504
1140,1516
1140,1538
1140,1565
1140,1569
1140,1590
1140,1600
1140,1611
1140,1620
1140,1644
1140,1686
1140,1734
1140,1778
1140,1808
1140,1815
1140,1861
1140,1901
1140,1911
1140,1962
1141,1141
1142,1142
1143,1143
1144,1144
1145,1145
1146,1146
1147,1147
1148,1148
1149,373
1149,1149
1150,1150
1151,1151
1152,1152
1153,1153
1154,760
1154,1154
1155,1155
1156,1156
1157,1157
1158,1158
1159,1159
1160,1160
1161,1161
1162,1162
1163,82
1163,445
1163,645
1163,801
1163,805
1163,1021
1163,1163
1164,1164
1165,1165
1166,1166
1167,1167
1168,1168
1169,1169
1170,1170
1171,16
1171,279
1171,339
1171,490
1171,564
1171,709
1171,724
1171,752
1171,783
1171,898
1171,933
1171,1050
1172,1172
1173,1173
1174,1174
1175,1175
1176,882
1176,1176
1177,1177
1178,1178
1179,1179
1180,1180
1181,1181
1182,1182
1183,1183
1184,453
1184,1184
1185,1185
1186,1186
1187,579
1187,1187
1187,1669
1187,1697
1188,1188
1189,53
1189,199
1189,224
1189,250
1189,302
1189,397
1189,744
1189,804
1189,1001
1189,1096
1189,1106
1189,1114
1189,1119
1190,35
1190,1190
1191,1191
1192,1192
1193,1193
1194,496
1194,864
1194,876
1194,1194
1195,1195
1196,1196
1197,1197
1198,1198
1199,1199
1200,1200
1201,1201
1202,1202
1203,773
1203,1203
1204,1204
1205,1205
1206,893
1206,1206
1207,1207
1208,1208
1209,1209
1210,1210
1211,1211
1212,1212
1213,1213
1214,1214
1215,1215
1216,1216
1217,1217
1218,1218
1219,1219
1220,1220
1221,1221
1222,1222
1223,1240
1223,1244
1223,1251
1223,1330
1223,1341
1223,1354
1223,1356
1223,1393
1223,1398
1223,1407
1223,1426
1223,1442
1223,1876
1224,1224
1225,1225
1226,1226
1227,1227
1228,1228
1229,1229
1229,1257
1229,1306
1229,1308
1229,1476
1229,1487
1229,1554
1229,1577
1229,1647
1229,1747
1229,1776
1229,1986
1230,1230
1231,1231
1232,1232
1233,1233
1234,1387
1234,1483
1234,1529
1234,1537
1234,1560
1234,1561
1234,1567
1234,1568
1234,1578
1234,1614
1234,1616
1234,1617
1234,1625
1234,1630
1234,1633
1234,1651
1234,1665
1234,1698
1234,1745
1234,1763
1234,1770
1234,1802
1234,1803
1234,1843
1234,1858
1234,1887
1234,1908
1234,1909
1234,1940
1234,1952
1234,1963
1235,1235
1236,1236
1237,1215
1237,1237
1237,1255
1237,1274
1237,1352
1237,1359
1237,1362
1237,1375
1237,1378
1237,1379
1237,1436
1237,1484
1237,1661
1237,1753
1237,1896
1237,1899
1237,2003
1238,1238
1239,1239
1240,1240
1241,1241
1242,1242
1243,1243
1244,1244
1245,1245
1246,1246
1246,1605
1247,1247
1247,1385
1248,1248
1249,1249
1250,1250
1251,1209
1251,1329
1251,1337
1251,1364
1251,1428
1251,1454
1251,1558
1251,1595
1251,1635
1251,1643
1251,1648
1251,1649
1251,1706
1251,1710
1251,1731
1251,1758
1251,1775
1251,1781
1251,1854
1251,1895
1251,1915
1251,1985
1251,1990
1251,1998
1252,1252
1253,1253
1254,1254
1255,1255
1255,1412
1255,1794
1256,1256
1257,1257
1258,1258
1259,1259
1260,1218
1260,1243
1260,1310
1260,1324
1260,1395
1260,1397
1260,1433
1260,1445
1260,1465
1260,1536
1260,1550
1260,1856
1261,1261
1262,1262
1263,1263
1263,1451
1263,1782
1263,1816
1264,1264
1265,1265
1266,1266
1267,1267
1267,1294
1267,1618
1267,1869
1267,1886
1267,1923
1268,1208
1268,1225
1268,1233
1268,1292
1268,1301
1268,1312
1268,1322
1268,1339
1268,1405
1268,1439
1268,1443
1268,1457
1268,1460
1268,1506
1268,1562
1268,1594
1268,1597
1268,1604
1268,1613
1268,1637
1268,1638
1268,1662
1268,1693
1268,1721
1268,1750
1268,1759
1268,1785
1268,1818
1268,1849
1268,1918
1268,1919
1268,1930
1268,1931
1268,1960
1268,1993
1268,1996
1269,1216
1269,1279
1269,1287
1269,1295
1269,1300
1269,1349
1269,1470
1269,1523
1269,1727
1269,1735
1269,1755
1269,1780
1269,1786
1270,1270
1271,1271
1272,1272
1273,1273
1274,1228
1274,1237
1274,1274
1274,1277
1274,1280
1274,1291
1274,1303
1274,1342
1274,1360
1274,1370
1274,1373
1274,1384
1274,1489
1274,1609
1274,1927
1274,1950
1275,1275
1276,1276
1277,1277
1278,1278
1279,1279
1280,1280
1281,1281
1282,1282
1283,1283
1284,1284
1285,1285
1286,1286
1287,1287
1288,1288
1289,1289
1290,1290
1291,1291
1292,1292
1293,1293
1294,1294
1295,1295
1296,1296
1297,1297
1298,1298
1299,1299
1300,1300
1301,1301
1302,1302
1303,1303
1304,1304
1305,1305
1305,1757
1306,1306
1307,1236
1307,1239
1307,1246
1307,1269
1307,1307
1307,1394
1307,1564
1307,1608
1307,1680
1307,1716
1307,1793
1307,1967
1308,1308
1309,1309
1311,1311
1312,1312
1313,1313
1314,1314
1315,1315
1316,1316
1317,1317
1318,1318
1319,1319
1320,1320
1321,100
1321,1321
1321,1482
1322,1322
1323,1323
1324,1324
1325,1325
1326,1326
1327,1327
1328,1328
1329,1329
1330,1330
1331,1331
1332,1332
1333,1293
1333,1333
1333,1368
1334,1334
1335,1335
1336,1336
1337,1251
1337,1337
1337,1475
1337,1736
1337,1966
1338,1338
1339,1339
1340,1340
1341,1341
1342,1342
1343,1343
1344,1344
1345,1345
1346,1346
1347,1347
1348,1348
1349,1349
1350,1350
1351,1351
1352,1352
1353,1353
1354,1354
1355,1355
1356,1356
1357,1357
1358,1358
1359,1359
1360,1360
1361,1361
1362,1362
1363,1363
1364,1364
1365,1365
1366,1366
1367,1367
1368,1368
1369,1369
1370,1370
1371,1290
1371,1371
1371,1607
1371,1772
1371,1903
1372,1372
1372,1980
1373,1373
1374,1374
1375,1375
1376,1376
1377,1377
1378,1378
1379,1379
1380,1380
1381,1381
1382,1382
1382,1798
1383,1383
1384,1384
1385,1247
1385,1385
1386,1386
1387,1387
1388,1388
1389,1389
1390,1390
1391,1391
1392,1392
1393,1393
1394,1394
1395,1395
1396,1213
1396,1222
1396,1248
1396,1284
1396,1396
1396,1409
1396,1425
1396,1438
1396,1511
1396,1615
1396,1683
1396,1801
1396,1824
1396,1983
1397,1397
1398,1398
1398,1718
1399,1399
1400,1400
1401,1262
1401,1320
1401,1348
1401,1444
1401,1453
1401,1455
1401,1469
1401,1481
1401,1509
1401,1514
1401,1518
1401,1528
1401,1540
1401,1582
1401,1588
1401,1603
1401,1624
1401,1641
1401,1653
1401,1659
1401,1676
1401,1685
1401,1762
1401,1765
1401,1774
1401,1779
1401,1806
1401,1810
1401,1833
1401,1850
1401,1865
1401,1871
1401,1891
1401,1937
1401,1956
1401,1979
1401,2004
1403,1403
1404,1404
1405,1405
1406,1406
1407,1407
1408,1408
1409,1409
1410,1410
1411,1411
1412,1381
1412,1412
1412,1452
1412,1709
1413,1413
1414,1414
1415,1415
1416,1416
1417,1417
1418,1418
1419,1419
1420,1420
1421,1421
1422,1422
1423,1074
1423,1317
1423,1423
1424,1424
1425,1425
1426,1426
1427,1427
1428,1428
1429,1401
1429,1411
1429,1429
1429,1448
1429,1458
1429,1517
1429,1520
1429,1700
1429,1830
1429,1866
1429,1951
1430,1430
1431,1431
1432,1432
1434,1434
1435,1435
1436,1436
1437,1437
1438,1438
1439,1439
1440,1440
1441,1441
1442,1442
1443,1443
1444,1444
1445,1445
1446,1446
1447,1447
1448,1448
1449,1449
1450,1450
1451,1451
1452,1452
1453,1453
1454,1454
1455,1455
1456,1456
1457,1457
1458,1458
1459,1459
1460,1460
1461,1461
1462,1462
1463,1463
1464,1464
1464,1505
1465,1465
1466,1466
1467,1467
1468,1468
1469,1469
1470,1470
1471,1471
1472,1472
1473,1473
1474,1474
1475,1475
1476,1476
1477,1391
1477,1461
1477,1471
1477,1495
1477,1519
1477,1521
1477,1524
1477,1527
1477,1546
1477,1548
1477,1549
1477,1551
1477,1566
1477,1628
1477,1631
1477,1646
1477,1660
1477,1682
1477,1687
1477,1717
1477,1725
1477,1730
1477,1804
1477,1812
1477,1819
1477,1862
1477,1904
1477,1907
1477,1914
1477,1948
1477,1961
1477,1974
1477,1978
1477,1984
1477,1987
1478,1478
1479,1479
1480,1480
1481,1481
1482,1234
1482,1482
1483,1483
1484,1484
1485,1485
1486,1486
1487,1487
1488,1488
1489,1489
1490,1490
1491,1491
1491,1530
1491,1695
1491,1853
1492,1492
1493,1493
1494,1494
1495,1495
1496,1496
1497,1497
1498,1498
1499,1499
1499,1674
1500,1500
1501,1501
1502,1502
1503,1503
1504,1504
1505,1464
1505,1505
1506,1506
1507,1507
1508,1508
1509,1509
1510,1510
1511,1511
1512,1512
1513,1513
1514,1514
1515,1515
1516,1516
1517,1517
1518,1518
1519,1519
1520,1520
1521,1521
1522,1522
1523,1523
1524,1524
1525,1525
1526,1526
1527,1527
1528,1528
1529,1529
1530,1530
1531,1531
1532,1532
1533,1533
1533,1981
1534,1534
1535,1535
1536,1536
1537,1537
1538,1538
1539,1539
1540,1540
1541,1541
1542,1542
1543,1543
1544,1544
1544,1795
1545,1545
1546,1546
1547,1547
1548,1548
1549,1549
1550,1260
1550,1269
1550,1550
1550,1787
1551,1551
1552,1552
1553,1553
1554,1229
1554,1554
1555,1555
1556,1556
1557,1557
1557,1656
1558,1558
1559,1559
1560,1560
1561,1561
1562,1562
1563,1563
1564,1545
1564,1564
1565,1565
1566,1566
1567,1567
1568,1568
1569,1569
1570,1570
1571,1571
1572,1572
1572,1658
1572,1936
1573,1573
1574,1574
1575,1575
1576,1576
1577,1577
1578,1578
1579,1579
1579,1678
1580,1580
1581,1581
1582,1582
1583,1583
1584,1584
1585,1585
1586,1586
1587,1587
1588,1588
1589,1589
1590,1590
1591,1591
1592,1592
1593,1593
1594,1594
1595,1595
1596,1596
1597,1597
1598,1598
1599,1543
1599,1599
1599,1636
1599,1805
1600,1600
1601,1601
1602,1602
1603,1603
1604,1604
1605,1497
1605,1515
1605,1605
1605,1606
1606,1606
1607,1371
1607,1607
1607,1788
1608,1608
1609,1609
1610,1610
1611,1611
1612,1612
1613,1613
1614,1614
1615,1615
1616,1616
1617,1617
1618,1618
1619,1401
1619,1496
1619,1542
1619,1619
1619,1634
1619,1773
1619,1799
1619,1807
1619,1864
1619,1878
1619,1883
1620,1620
1621,1621
1622,1622
1623,1623
1624,1624
1625,1625
1626,1626
1627,1627
1628,1628
1629,1629
1630,1630
1631,1631
1632,1632
1633,1633
1634,1634
1635,1635
1636,1636
1637,1637
1638,1638
1639,1639
1640,1640
1641,1641
1642,1358
1642,1642
1643,1643
1644,1644
1645,1645
1646,1646
1647,1647
1648,1648
1649,1649
1650,1650
1651,1651
1652,1652
1653,1653
1654,1654
1655,1655
1656,1557
1656,1656
1656,1743
1657,1657
1658,1658
1659,1659
1660,1660
1661,1661
1662,1662
1663,1663
1664,1664
1665,1665
1666,1666
1666,1965
1667,1667
1668,1668
1669,1669
1670,1670
1671,1671
1672,1672
1673,1673
1674,1499
1674,1674
1675,1675
1676,1676
1677,1677
1678,1586
1678,1678
1679,1679
1680,1680
1681,1681
1682,1682
1683,1683
1684,1684
1685,1685
1686,1686
1687,1687
1688,1688
1689,1689
1690,1690
1691,1691
1692,1692
1692,1828
1693,1693
1694,1694
1695,1431
1695,1477
1695,1491
1695,1513
1695,1695
1696,1696
1697,1697
1698,1698
1699,1699
1700,1429
1700,1494
1700,1700
1701,1701
1702,1702
1703,1703
1704,1704
1706,1706
1707,1707
1708,1708
1709,1709
1710,1710
1711,1711
1711,1847
1712,1712
1713,1713
1713,1859
1714,1714
1715,1715
1716,1716
1717,1717
1718,1268
1718,1718
1718,1846
1719,1719
1720,1720
1721,1721
1722,1722
1723,1723
1724,1724
1725,1725
1726,1726
1727,1727
1728,1728
1729,1729
1730,1730
1731,1731
1732,1732
1733,1733
1734,1734
1735,1735
1736,1736
1737,1737
1738,1738
1739,1739
1740,1740
1741,1741
1742,1742
1743,1743
1744,1744
1745,1745
1746,1746
1747,1747
1748,1748
1749,1749
1750,1750
1751,1751
1752,1752
1753,1753
1754,1754
1755,1755
1756,1756
1756,1791
1757,1268
1757,1305
1757,1757
1758,1601
1758,1758
1759,1759
1760,1760
1761,1761
1762,1762
1763,1763
1764,1764
1765,1765
1766,1766
1767,1767
1768,1768
1769,1769
1770,1770
1771,1771
1772,1772
1773,1773
1774,1774
1775,1775
1776,1776
1777,1777
1778,1778
1779,1779
1780,1780
1781,1781
1782,1263
1782,1310
1782,1552
1782,1654
1782,1691
1782,1704
1782,1708
1782,1711
1782,1746
1782,1782
1782,1826
1782,1893
1782,1933
1782,1954
1782,1977
1783,1783
1784,1784
1785,1785
1786,1786
1787,1787
1788,1210
1788,1702
1788,1788
1789,1789
1790,1790
1791,1791
1792,1792
1793,1313
1793,1793
1794,1794
1795,1544
1795,1795
1796,1796
1797,1797
1798,1382
1798,1798
1799,1799
1800,1800
1801,1801
1802,1802
1803,1803
1804,1804
1805,1599
1805,1805
1805,1821
1806,1806
1807,1807
1808,1808
1809,1809
1810,1810
1811,1811
1812,1812
1813,1813
1814,1814
1815,1815
1816,1270
1816,1357
1816,1689
1816,1816
1816,1868
1816,1941
1817,1817
1818,1818
1819,1819
1820,1820
1821,1821
1822,1822
1823,1823
1824,1824
1825,1825
1826,1826
1827,1827
1828,1571
1828,1692
1828,1705
1828,1828
1829,1829
1830,1830
1831,1831
1832,1832
1833,1833
1834,1834
1835,1835
1836,1836
1837,1837
1838,1838
1839,1839
1840,1840
1841,1841
1842,1842
1843,1843
1844,1844
1845,1845
1846,1846
1847,1847
1848,1848
1849,1849
1850,1850
1851,1851
1852,1852
1853,1853
1854,1854
1855,1855
1856,1856
1857,1857
1858,1858
1859,1713
1859,1859
1860,1860
1861,1861
1862,1862
1863,1863
1864,1864
1865,1865
1866,1684
1866,1866
1867,1867
1868,1868
1869,1267
1869,1869
1870,1870
1871,1871
1872,1872
1873,1873
1874,1874
1875,1875
1876,1876
1877,1877
1878,1366
1878,1878
1879,1879
1880,1880
1881,1881
1882,1882
1883,1883
1884,1884
1885,1885
1885,1890
1885,1944
1886,1592
1886,1886
1887,1887
1888,1888
1889,1889
1890,1885
1890,1890
1891,1891
1892,1892
1893,1893
1894,1894
1895,1895
1896,1896
1897,1897
1898,1898
1899,1899
1900,1900
1901,1901
1902,1902
1903,1903
1904,1904
1905,1905
1906,1906
1907,1907
1908,1908
1909,1909
1910,1910
1911,1911
1912,1912
1913,1913
1914,1914
1915,1915
1916,1916
1917,1917
1918,1918
1919,1919
1920,1920
1921,1921
1922,1922
1923,1923
1924,1924
1925,1925
1926,1926
1927,1927
1928,1928
1929,1929
1930,1930
1931,1931
1932,1675
1932,1932
1933,1933
1934,1934
1935,1935
1936,1572
1936,1936
1937,1937
1938,1938
1939,1939
1940,1940
1941,1941
1942,1942
1943,1943
1944,1944
1945,1945
1946,1946
1947,1947
1948,1948
1949,1949
1950,1950
1951,1951
1952,1952
1953,1953
1954,1954
1955,1955
1956,1956
1957,1957
1958,1958
1959,1959
1960,1960
1961,1961
1962,1962
1963,1963
1964,1964
1965,1666
1965,1965
1966,1966
1967,1967
1968,1968
1969,1969
1970,1970
1971,1971
1972,1972
1973,1973
1974,1974
1975,1975
1976,1976
1977,1977
1978,1978
1979,1979
1980,1372
1980,1980
1981,1533
1981,1981
1982,1982
1983,1983
1984,1984
1985,1985
1986,1986
1987,1987
1988,1988
1989,1989
1990,1990
1991,1991
1992,1992
1993,1993
1994,1994
1995,1995
1996,1996
1997,1997
1998,1998
1999,1999
2000,2000
2001,2001
2002,2002
2003,2003
2004,2004
2005,2005
2006,627
2006,2006
2007,2007
2008,2008
2008,2009
2009,2009
2010,2010
2011,907
2011,2011
2012,2012
